277
323
337
308
286
283
286
331
319
346
293
321
302
309
319
340
299
347
308
303
251
305
333
306
315
281
311
310
272
332
317
321
264
281
303
301
323
292
259
320
279
295
316
336
288
320
332
322
345
332
276
282
304
291
280
248
305
340
277
301
276
348
340
298
290
297
351
310
278
291
318
294
303
339
311
313
320
332
281
286
315
269
285
319
328
302
267
300
322
314
278
269
268
287
285
348
283
325
310
352
327
295
352
288
300
310
271
284
339
314
319
322
308
260
320
290
332
295
302
291
288
295
305
321
311
325
301
306
330
319
282
299
307
317
300
328
305
321
308
306
294
327
331
304
304
247
349
300
273
278
368
282
345
313
336
315
280
302
308
296
285
267
307
319
325
288
332
308
332
297
314
265
288
328
285
294
312
295
269
334
330
301
307
320
346
248
312
319
316
292
285
297
385
333
297
293
310
294
321
335
275
318
313
275
351
291
298
310
319
313
301
280
320
303
299
267
357
310
307
250
314
328
327
300
320
289
343
313
299
286
305
304
280
318
295
316
258
340
329
280
297
305
278
298
299
294
307
309
312
308
251
277
305
344
333
345
331
311
310
283
301
345
323
270
300
292
346
313
298
320
242
296
305
252
281
309
305
303
301
298
321
280
363
315
298
315
343
316
338
260
284
330
315
322
329
277
336
353
296
306
319
303
287
349
303
285
340
276
344
340
275
272
333
263
326
314
261
322
303
331
332
283
281
311
285
298
315
270
256
281
269
293
280
292
321
281
324
314
293
293
343
344
306
272
291
280
344
288
294
327
314
288
262
310
280
360
298
358
291
327
310
307
330
309
315
290
336
263
335
310
299
279
294
319
307
288
324
324
314
316
298
341
278
299
314
356
330
321
279
303
305
310
319
306
265
321
341
297
295
298
267
348
314
296
321
293
281
270
320
308
345
296
309
339
301
286
323
323
290
307
297
291
292
279
291
344
314
350
330
260
301
276
301
332
301
259
311
297
356
340
298
305
272
322
277
294
346
295
295
318
294
315
327
311
307
284
305
311
292
288
301
277
304
309
270
294
279
310
308
257
311
299
314
319
278
309
279
315
272
259
263
293
334
289
291
348
258
291
319
322
295
316
310
299
288
340
339
329
286
366
287
322
328
271
322
287
287
302
294
308
367
303
317
267
306
306
321
320
316
327
288
335
289
318
299
258
341
290
304
306
308
293
280
315
314
303
339
330
300
346
294
273
303
304
295
318
269
325
253
300
306
332
279
325
318
272
319
307
289
315
318
310
286
277
262
292
269
321
264
285
320
311
316
285
267
283
282
277
363
274
308
326
335
302
280
321
310
267
279
331
330
327
344
311
357
283
322
320
299
292
278
312
331
312
310
279
293
341
369
333
282
328
302
334
347
290
317
293
257
355
319
326
293
316
308
280
284
313
321
319
303
295
280
304
333
336
328
317
326
307
301
286
342
305
319
345
334
295
279
311
316
335
337
348
317
345
288
355
278
343
324
286
340
278
305
293
307
311
285
307
281
297
334
309
274
297
299
263
303
312
327
262
329
294
338
316
313
294
304
327
271
307
338
278
263
323
340
287
343
360
310
267
320
307
278
334
298
295
305
280
326
307
312
318
285
296
271
334
334
330
254
285
312
282
268
337
312
284
364
294
304
326
306
288
303
320
319
302
304
311
287
309
294
302
277
302
302
297
303
325
320
333
298
325
311
286
289
306
278
346
306
301
316
350
274
316
297
287
327
311
289
305
302
270
311
322
273
348
345
306
298
329
316
346
284
315
309
326
326
293
279
325
306
298
315
268
278
282
270
359
343
295
331
285
288
354
286
328
345
319
341
329
265
296
306
315
310
336
316
315
330
359
295
326
305
311
308
336
286
296
314
326
271
330
272
336
305
326
311
296
296
307
334
315
279
299
308
301
253
292
288
279
302
287
319
306
332
331
275
335
296
288
331
296
289
284
275
315
345
333
297
316
320
293
246
260
275
274
297
307
326
317
294
323
256
285
280
312
301
255
299
295
260
292
294
305
267
307
294
327
312
328
300
341
311
324
287
311
323
301
326
287
325
324
291
295
283
299
265
286
329
271
313
308
285
297
322
251
309
319
315
327
273
276
272
290
347
267
288
315
307
269
316
326
248
318
319
288
319
301
290
270
284
301
278
293
311
326
330
309
338
274
270
302
287
278
284
280
301
310
333
315
282
312
283
303
313
299
307
307
315
341
308
311
302
343
334
276
306
302
326
301
274
322
309
300
290
337
321
322
