0 0 0 0
0 2.42749 0.047153 0.324931
0 2.8634 0.0950591 0.459018
0 3.16284 0.143712 0.567666
0 3.41801 0.193031 0.664048
0 3.6558 0.243055 0.7471
0 3.87905 0.29379 0.825099
0 4.10216 0.34516 0.899646
0 4.31647 0.397128 0.968016
0 4.53234 0.449851 1.03332
0 4.74492 0.503255 1.09582
0 4.95204 0.557224 1.16014
0 5.15199 0.611805 1.2205
0 5.34501 0.66712 1.27946
0 5.53152 0.722859 1.33568
0 5.71231 0.779125 1.38965
0 5.88799 0.835943 1.44331
0 6.06602 0.893396 1.4965
0 6.23844 0.95128 1.54837
0 6.41051 1.00992 1.60037
0 6.57641 1.06904 1.65091
0 6.74084 1.1286 1.69854
0 6.90562 1.18859 1.74889
0 7.06491 1.24913 1.79579
0 7.22415 1.31013 1.84316
0 7.3812 1.37161 1.89155
0 7.53812 1.43341 1.93576
0 7.69221 1.49575 1.98061
0 7.84753 1.55863 2.02284
0 8.00107 1.62192 2.06557
0 8.15241 1.6856 2.11308
0 8.30172 1.74989 2.15413
0 8.44982 1.81454 2.19507
0 8.59955 1.87942 2.2332
0 8.74418 1.94471 2.27684
0 8.89176 2.01046 2.31624
0 9.03743 2.07656 2.35961
0 9.18389 2.14315 2.39842
0 9.32656 2.20996 2.44186
0 9.46827 2.27713 2.4803
0 9.60622 2.34469 2.5185
0 9.74954 2.41261 2.55834
0 9.8877 2.48083 2.59801
0 10.0268 2.54957 2.63658
0 10.1646 2.61872 2.67435
0 10.3054 2.68794 2.71392
0 10.445 2.75768 2.7509
0 10.5812 2.82753 2.78823
0 10.7195 2.89775 2.82709
0 10.8552 2.96843 2.86121
0 10.9922 3.03929 2.89632
0 11.1298 3.11041 2.92822
0 11.2661 3.18191 2.96319
0 11.4004 3.25354 2.99824
0 11.5333 3.3257 3.03145
0 11.6662 3.39808 3.06374
0 11.8007 3.47072 3.09802
0 11.932 3.5437 3.13071
0 12.0657 3.61691 3.16192
0 12.1972 3.69021 3.19641
0 12.3296 3.76406 3.22939
0 12.4607 3.83802 3.26227
0 12.5905 3.91241 3.29307
0 12.7185 3.98687 3.32547
0 12.8492 4.0616 3.35606
0 12.9764 4.13641 3.38772
0 13.1061 4.21185 3.41987
0 13.2339 4.28727 3.44962
0 13.3616 4.36285 3.47949
0 13.4926 4.43873 3.51219
0 13.6211 4.5147 3.5406
0 13.7496 4.5911 3.57051
0 13.8769 4.66789 3.59771
0 14.002 4.74471 3.62885
0 14.1293 4.82209 3.65821
0 14.258 4.89961 3.68499
0 14.3849 4.97713 3.71169
0 14.5112 5.05491 3.74417
0 14.6377 5.13271 3.77291
0 14.7607 5.21077 3.80187
0 14.8845 5.28914 3.83052
0 15.011 5.36771 3.85717
0 15.1374 5.44634 3.88284
1e-005 15.2591 5.52518 3.91272
1e-005 15.3802 5.60416 3.93846
1e-005 15.5037 5.68339 3.96502
1e-005 15.6251 5.76297 3.99161
1e-005 15.7518 5.84257 4.01826
1e-005 15.8755 5.92219 4.04691
3e-005 15.9968 6.0019 4.07194
4e-005 16.1192 6.08197 4.10118
5e-005 16.2406 6.1624 4.12758
6e-005 16.3635 6.24307 4.15368
8e-005 16.4856 6.32381 4.18152
0.0001 16.6097 6.40451 4.20621
0.00014 16.7328 6.48564 4.23079
0.0002 16.8548 6.56685 4.25733
0.00025 16.9773 6.64812 4.28098
0.0003 17.0977 6.7296 4.30663
0.00037 17.218 6.81119 4.32878
0.00045 17.3386 6.89303 4.35398
0.00056 17.4609 6.97511 4.38072
0.00066 17.5809 7.05723 4.40458
0.00076 17.7015 7.13948 4.43206
0.00094 17.8219 7.22201 4.45625
0.00111 17.9445 7.3046 4.47976
0.00129 18.0648 7.38712 4.50165
0.00143 18.1843 7.47033 4.52543
0.00164 18.3044 7.55331 4.54574
0.00194 18.4242 7.6364 4.56988
0.00232 18.5418 7.71983 4.59595
0.00277 18.6626 7.80317 4.62137
0.00321 18.7837 7.88688 4.6446
0.00384 18.9043 7.97025 4.66742
0.00465 19.0227 8.05414 4.68971
0.00538 19.1428 8.13769 4.71084
0.00602 19.2641 8.22162 4.73296
0.00682 19.3852 8.3059 4.75259
0.00787 19.5067 8.39023 4.77383
0.00901 19.6233 8.47456 4.79262
0.01019 19.7391 8.5592 4.81465
0.01171 19.858 8.64372 4.83485
0.01336 19.9753 8.72835 4.85647
0.01493 20.0937 8.81337 4.87794
0.01674 20.2117 8.89835 4.89793
0.01886 20.3302 8.98354 4.91811
0.0214 20.4497 9.06872 4.94057
0.02392 20.567 9.15402 4.96222
0.02689 20.6865 9.23949 4.98314
0.02985 20.8027 9.32492 4.99995
0.03308 20.9219 9.41053 5.01773
0.03664 21.0385 9.4964 5.0385
0.04039 21.1579 9.5822 5.05466
0.04415 21.2744 9.66833 5.07306
0.04845 21.3914 9.75439 5.09164
0.0532 21.5092 9.84024 5.11057
0.05807 21.6265 9.92629 5.12811
0.06309 21.7444 10.0128 5.14985
0.0686 21.8619 10.0991 5.16822
0.07463 21.9775 10.1858 5.19197
0.08144 22.0946 10.2727 5.21148
0.08751 22.2099 10.3595 5.23307
0.09466 22.3285 10.4461 5.25339
0.10245 22.4447 10.5331 5.27172
0.11098 22.5611 10.6202 5.29019
0.1192 22.6765 10.7072 5.30827
0.12819 22.7919 10.7949 5.32545
0.13765 22.9055 10.882 5.34596
0.14784 23.0199 10.9695 5.3636
0.1581 23.1373 11.0573 5.37999
0.16782 23.253 11.1446 5.39779
0.1787 23.3711 11.2325 5.41722
0.19074 23.4887 11.3204 5.43501
0.20187 23.6034 11.4084 5.45063
0.21475 23.7216 11.4964 5.46769
0.227 23.8356 11.5842 5.48305
0.24014 23.9523 11.6724 5.50316
0.25394 24.0689 11.7605 5.51802
0.26866 24.1851 11.8488 5.53401
0.28382 24.3014 11.9372 5.55143
0.29955 24.416 12.0259 5.56975
0.315 24.5292 12.1141 5.58458
0.33105 24.6458 12.2028 5.60336
0.34837 24.7615 12.2914 5.62064
0.36542 24.8784 12.38 5.63666
0.38315 24.9947 12.4686 5.64973
0.40181 25.107 12.5574 5.66609
0.42136 25.221 12.6463 5.68187
0.44067 25.3368 12.7352 5.69728
0.46097 25.4521 12.8243 5.71454
0.48251 25.5656 12.9135 5.73231
0.50328 25.6772 13.0029 5.74849
0.52562 25.7899 13.0921 5.76316
0.54699 25.907 13.1818 5.77687
0.57025 26.0238 13.2713 5.79534
0.59378 26.1409 13.3606 5.81077
0.61878 26.2545 13.4501 5.82574
0.64317 26.3707 13.5396 5.84178
0.66881 26.4814 13.6295 5.85803
0.69495 26.5947 13.7194 5.87201
0.72104 26.705 13.8094 5.8907
0.74759 26.8184 13.8991 5.90516
0.77512 26.934 13.9888 5.92282
0.80461 27.0467 14.079 5.93455
0.83227 27.1592 14.1691 5.95309
0.86047 27.2713 14.2597 5.96922
0.89011 27.3842 14.3497 5.98271
0.92075 27.4987 14.4401 5.99853
0.95063 27.6125 14.5306 6.01431
0.98237 27.7281 14.6211 6.03078
1.01308 27.8422 14.7113 6.04713
1.0457 27.9544 14.8021 6.05764
1.07772 28.0662 14.8929 6.06803
1.10872 28.1777 14.9833 6.0845
1.14211 28.29 15.0738 6.10208
1.17603 28.4025 15.1645 6.11818
1.20908 28.5151 15.2555 6.13408
1.24423 28.6287 15.3462 6.14792
1.28157 28.7436 15.4376 6.16065
1.31641 28.8535 15.5288 6.17102
1.35337 28.9655 15.6197 6.18716
1.38683 29.0771 15.7109 6.20026
1.42203 29.1894 15.8021 6.21662
1.46027 29.3016 15.8934 6.23143
1.50015 29.4147 15.9847 6.24653
1.53787 29.5256 16.076 6.26075
1.57643 29.6399 16.1671 6.27418
1.61831 29.7531 16.2586 6.28578
1.65883 29.8628 16.3505 6.30032
1.70043 29.9745 16.4423 6.31004
1.74118 30.089 16.5339 6.32293
1.78075 30.202 16.6257 6.33924
1.82357 30.3151 16.7174 6.3533
1.86658 30.4281 16.8091 6.36803
1.90983 30.5399 16.9009 6.37915
1.95401 30.6512 16.9925 6.39194
1.99599 30.7638 17.0845 6.40546
2.03784 30.875 17.1763 6.42227
2.08183 30.9882 17.2682 6.43587
2.12829 31.102 17.3602 6.44795
2.176 31.2128 17.4525 6.45871
2.22058 31.3234 17.5445 6.47149
2.26648 31.4358 17.6366 6.48385
2.31149 31.5459 17.7286 6.49503
2.35775 31.6581 17.821 6.50547
2.40312 31.7715 17.9132 6.51868
2.45057 31.8837 18.0055 6.53329
2.49815 31.9963 18.0981 6.54607
2.54582 32.1073 18.191 6.55364
2.59349 32.2184 18.2833 6.56392
2.64382 32.3299 18.3761 6.57743
2.69249 32.4413 18.4686 6.58861
2.74578 32.5516 18.5614 6.59677
2.79376 32.6627 18.6545 6.61165
2.842 32.7762 18.7471 6.6252
2.89272 32.8898 18.8398 6.63506
2.94208 33.0008 18.9327 6.64494
2.99157 33.1146 19.0253 6.66378
3.04165 33.2246 19.1182 6.67834
3.09302 33.3384 19.2113 6.69566
3.14735 33.4505 19.3044 6.70969
3.19885 33.5623 19.3975 6.71708
3.253 33.6731 19.4907 6.72829
3.30903 33.7844 19.584 6.73849
3.36201 33.8957 19.6772 6.75251
3.41689 34.0074 19.7703 6.77088
3.46694 34.1176 19.8633 6.78215
3.52181 34.2294 19.9567 6.79587
3.57593 34.341 20.0498 6.80722
3.63197 34.4541 20.1429 6.81702
3.68638 34.5643 20.2361 6.82917
3.74472 34.6754 20.3295 6.84429
3.79903 34.7868 20.4231 6.85797
3.85543 34.8998 20.5166 6.86734
3.91194 35.0097 20.6099 6.8781
3.96828 35.1209 20.7034 6.8926
4.02755 35.2305 20.7968 6.90167
4.08866 35.3398 20.8908 6.91269
4.14526 35.4496 20.9845 6.92371
4.20252 35.5586 21.0785 6.93391
4.25918 35.668 21.1719 6.94375
4.3189 35.7776 21.2657 6.95486
4.38006 35.8884 21.3595 6.96563
4.43991 36.0008 21.4535 6.9772
4.49858 36.1119 21.5478 6.98975
4.55741 36.2214 21.6416 7.00661
4.61517 36.3309 21.7356 7.01626
4.67298 36.4458 21.8296 7.02585
4.73309 36.5589 21.9233 7.03762
4.79543 36.6681 22.0176 7.04944
4.85561 36.7764 22.1116 7.05994
4.91476 36.8864 22.2059 7.06944
4.97984 36.9968 22.3003 7.07714
5.04149 37.1067 22.3945 7.0869
5.10305 37.2198 22.4885 7.0969
5.16447 37.3277 22.5825 7.11059
5.22607 37.4365 22.6769 7.1229
5.28802 37.5472 22.771 7.13298
5.35263 37.6553 22.8652 7.14385
5.41509 37.7635 22.9597 7.15243
5.47614 37.8762 23.0542 7.16316
5.53822 37.9873 23.1487 7.17379
5.60109 38.0986 23.2434 7.18256
5.66349 38.21 23.3374 7.19021
5.72682 38.3222 23.432 7.20067
5.78964 38.4295 23.5264 7.208
5.85291 38.5367 23.621 7.21802
5.91622 38.6468 23.7154 7.23057
5.97819 38.7564 23.8098 7.2434
6.04264 38.8664 23.9042 7.25446
6.11167 38.9753 23.9988 7.26327
6.17647 39.0833 24.0935 7.26728
6.24078 39.1923 24.1881 7.27624
6.30573 39.3036 24.2829 7.28625
6.36877 39.41 24.3781 7.2956
6.4293 39.5188 24.4725 7.30617
6.4924 39.6285 24.5672 7.31655
6.55565 39.7406 24.6622 7.32322
6.62016 39.8495 24.757 7.32953
6.68988 39.9614 24.8523 7.34014
6.75912 40.0728 24.9473 7.35238
6.82865 40.1832 25.0422 7.36217
6.89373 40.2931 25.1374 7.37337
6.95703 40.4036 25.2322 7.38338
7.02125 40.5134 25.3274 7.39535
7.08869 40.6219 25.4222 7.41035
7.15809 40.73 25.5174 7.4241
7.22722 40.842 25.613 7.43216
7.29845 40.9528 25.7083 7.44604
7.36625 41.0592 25.8037 7.45614
7.43761 41.1656 25.8989 7.46532
7.50704 41.2738 25.9942 7.47642
7.57654 41.3827 26.0894 7.49331
7.64553 41.4917 26.1848 7.50194
7.71011 41.6023 26.2799 7.51099
7.78203 41.7102 26.375 7.51432
7.85126 41.818 26.4708 7.52188
7.91886 41.9293 26.566 7.53001
7.99079 42.039 26.6614 7.53868
8.061 42.1475 26.7571 7.54761
8.13657 42.2578 26.8527 7.55242
8.20909 42.3684 26.9481 7.56164
8.27933 42.477 27.0437 7.57002
8.34734 42.5872 27.1394 7.57943
8.41628 42.6984 27.2348 7.58895
8.48863 42.81 27.3304 7.59758
8.56164 42.9241 27.4258 7.60778
8.63264 43.0318 27.5217 7.61351
8.70594 43.1399 27.6179 7.61955
8.77665 43.2493 27.7134 7.62677
8.84812 43.3578 27.8095 7.63406
8.92132 43.4649 27.9054 7.64191
8.99111 43.5727 28.0006 7.65019
9.06081 43.6824 28.0962 7.659
9.13345 43.7922 28.192 7.66726
9.20511 43.903 28.2879 7.67682
9.2799 44.0104 28.3834 7.68627
9.35253 44.12 28.4794 7.69571
9.42433 44.2285 28.5753 7.70283
9.49678 44.3369 28.6711 7.70961
9.57221 44.4454 28.7674 7.72216
9.64304 44.5541 28.863 7.72598
9.71542 44.6624 28.9586 7.73119
9.78898 44.772 29.0549 7.7367
9.8628 44.8804 29.1508 7.74344
9.9364 44.9886 29.2469 7.74989
10.0134 45.0964 29.3432 7.75897
10.0859 45.2054 29.4388 7.76536
10.1574 45.3161 29.5349 7.77394
10.2284 45.4238 29.6305 7.78019
10.302 45.5329 29.7267 7.79021
10.3759 45.6437 29.8227 7.80117
10.4518 45.754 29.9187 7.81265
10.522 45.8635 30.015 7.8195
10.595 45.9704 30.1113 7.82757
10.6678 46.0786 30.2076 7.83647
10.7432 46.1878 30.3037 7.84519
10.8165 46.2958 30.4003 7.85859
10.8909 46.4033 30.4966 7.86463
10.9646 46.5132 30.5931 7.87553
11.0399 46.6234 30.6895 7.88194
11.1141 46.7307 30.7856 7.88724
11.191 46.8384 30.8818 7.89254
11.264 46.9453 30.9779 7.90214
11.3396 47.0557 31.0741 7.91314
11.4152 47.1625 31.171 7.91933
11.4914 47.2677 31.2671 7.92892
11.5653 47.3767 31.3632 7.93319
11.6458 47.4845 31.4597 7.94023
11.7234 47.5912 31.5565 7.94878
11.7965 47.7008 31.6523 7.95935
11.8739 47.8084 31.7494 7.96503
11.9472 47.919 31.8455 7.97084
12.0237 48.0296 31.9421 7.97639
12.0969 48.1399 32.0387 7.98664
12.1766 48.2498 32.1355 7.9966
12.2501 48.3581 32.2317 8.00148
12.3245 48.4666 32.3282 8.01066
12.4007 48.5737 32.425 8.02129
12.4777 48.6823 32.5222 8.02515
12.554 48.7902 32.6187 8.03112
12.6262 48.8974 32.7152 8.04086
12.7037 49.0074 32.8115 8.04701
12.7792 49.1156 32.9086 8.05192
12.8594 49.2257 33.0055 8.05703
12.9393 49.3354 33.102 8.06145
13.0149 49.4436 33.1986 8.06828
13.0911 49.5526 33.2954 8.07852
13.1725 49.6618 33.3923 8.08292
13.2516 49.7697 33.4888 8.09023
13.3289 49.8777 33.5855 8.09621
13.4057 49.986 33.6826 8.10369
13.4843 50.0937 33.7797 8.11256
13.5589 50.2026 33.8764 8.11624
13.6404 50.3094 33.9731 8.12597
13.7211 50.4172 34.0702 8.13823
13.8016 50.5247 34.1677 8.14486
13.8796 50.6328 34.2645 8.15257
13.9602 50.7409 34.3609 8.15576
14.0353 50.8531 34.458 8.16584
14.1156 50.9624 34.5552 8.17291
14.1977 51.0689 34.6521 8.18102
