0.318277
2.92779
4.38941
5.4652
6.26699
6.83671
7.36826
7.79333
8.11172
8.5187
8.8162
9.15811
9.40576
9.65114
9.85938
10.1334
10.3646
10.5479
10.6653
10.8218
11.0184
11.2082
11.3366
11.5204
11.6726
11.9058
12.1196
12.2153
12.3466
12.3745
12.5135
12.6431
12.752
12.8861
12.9155
13.0986
13.1834
13.2866
13.4001
13.5723
13.6039
13.7666
13.766
13.8186
13.9484
14.088
14.1862
14.3419
14.4146
14.531
14.6205
14.6377
14.5778
14.6651
14.7123
14.7097
14.8315
14.9918
15.0745
15.1229
15.1192
15.1375
15.3458
15.4361
15.5715
15.6
15.6074
15.6905
15.6263
15.7149
15.7299
15.8421
15.9634
16.0288
16.1163
16.1173
16.2057
16.206
16.3544
16.3159
16.4619
16.5077
16.6237
16.7053
16.7083
16.7276
16.6873
16.7791
16.9463
17.0067
17.011
17.2385
17.1659
17.2268
17.36
17.3509
17.3863
17.3761
17.5654
17.6014
17.5852
17.6325
17.6181
17.6896
17.743
17.7728
17.88
17.8872
18.0115
18.0377
18.1108
18.24
18.2579
18.3897
18.3838
18.3147
18.3598
18.5231
18.4742
18.5465
18.6034
18.5673
18.523
18.7139
18.7612
18.7962
18.8606
18.8058
18.8898
19.0053
19.0358
19.0755
19.1933
19.1475
19.225
19.3882
19.472
19.536
19.5827
19.4525
19.635
19.6442
19.6796
19.6944
19.8182
19.947
19.8408
19.9129
19.9812
20.0409
20.0583
20.1128
20.1201
20.1433
20.1279
20.2637
20.1919
20.2342
20.3077
20.2708
20.4501
20.4156
20.4812
20.4342
20.4954
20.5641
20.5956
20.6828
20.6655
20.7689
20.8572
20.8796
20.9928
21.0251
21.1072
21.145
21.3419
21.414
21.3604
21.3539
21.4297
21.4218
21.4843
21.5845
21.6185
21.6281
21.6471
21.8031
21.8258
21.8482
21.9754
21.9524
22.0065
22.0712
22.1291
22.1661
22.2367
22.2095
22.2728
22.2565
22.2893
22.2305
22.3334
22.5494
22.5726
22.6194
22.5298
22.6789
22.7463
22.8479
22.8349
22.8374
22.8516
22.8833
22.971
23.0367
23.0234
23.1692
23.1335
23.1762
23.1683
23.2161
23.2452
23.287
23.278
23.238
23.234
23.2633
23.2617
23.352
23.5064
23.5836
23.6491
23.6743
23.6648
23.8776
23.9209
23.9353
23.9946
23.9628
23.9911
24.0489
23.9923
24.1799
24.1769
24.2347
24.2993
24.366
24.4063
24.4503
24.4673
24.6193
24.5918
24.6067
24.6168
24.6498
24.8047
24.6911
24.82
24.7632
24.8308
24.7592
24.8426
24.8831
24.894
24.8868
24.9774
24.9956
25.0849
25.1648
25.2315
25.1415
25.3069
25.3459
25.5043
25.4963
25.5611
25.5486
25.7196
25.6713
25.6898
25.6371
25.6518
25.7659
25.8439
25.7954
25.9199
25.7861
25.8963
25.9928
26.0958
26.1394
26.1845
26.3088
26.4229
26.5116
26.5539
26.47
26.4034
26.419
26.3942
26.4842
26.4983
26.5298
26.4728
26.4917
26.4987
26.5055
26.5351
26.5363
26.6607
26.7111
26.723
26.7455
26.7915
26.7899
26.8403
26.9382
26.8984
26.8708
26.9048
26.9228
26.8467
26.8181
26.9036
26.8852
26.8274
26.966
27.0379
27.1981
27.1637
27.2884
27.3077
27.2282
27.2749
27.2905
27.3194
27.3799
27.3937
27.5543
27.5698
27.5983
27.7205
27.6903
27.6458
27.7581
27.7234
27.7243
27.7931
27.8543
27.9753
27.9337
27.9652
28.0235
28
28.1084
27.9875
27.9914
28.1022
28.1078
28.108
28.083
28.0959
28.1589
28.0859
28.1681
28.1308
28.187
28.2462
28.3971
28.3026
28.3843
28.3729
28.5503
28.5796
28.5789
28.573
28.6685
28.8621
28.7815
28.8884
28.8466
28.8901
28.9134
28.9778
29.0474
28.9902
28.98
29.0545
29.0793
29.0714
29.1547
29.0905
29.1499
29.2331
29.1455
29.1982
29.2702
29.2684
29.3626
29.3558
29.4054
29.3895
29.412
29.5322
29.6163
29.5829
29.6309
29.6359
29.7676
29.79
29.837
29.7022
29.7752
29.7599
29.9113
29.8926
29.9371
30.0563
30.0764
30.2252
30.2454
30.2028
30.2
30.2965
30.2228
30.2714
30.2436
30.333
30.319
30.4114
30.395
30.4501
30.5031
30.5822
30.6812
30.6379
30.7056
30.7629
30.6754
30.7027
30.8915
30.9074
30.9821
30.9606
31.0206
30.9267
31.0039
31.0552
31.1371
31.1032
31.069
31.1679
31.2552
31.2376
31.2681
31.3365
31.4185
31.5043
31.5169
31.5432
31.5697
31.5588
31.5863
31.613
31.6846
31.6896
31.7332
31.8449
31.8397
31.8592
31.871
31.8897
31.9427
32.0183
31.9852
31.9877
32.1176
32.1441
32.2897
32.355
32.3636
32.3094
32.3174
32.4123
32.4423
32.4043
32.4742
32.5409
32.4797
32.4291
32.4417
32.3912
32.473
32.4758
32.4581
32.4791
32.5602
32.5248
32.6313
32.6102
32.6551
32.7846
32.7917
32.8274
32.7824
32.7634
32.7481
32.6802
32.8284
32.9085
32.813
32.8093
32.8356
32.8586
32.866
32.9417
33.0132
33.0061
32.9955
32.9873
32.8872
33.0265
32.9834
33.053
33.1332
33.2095
33.242
33.2234
33.228
33.2838
33.3157
33.3416
33.4271
33.4461
33.5576
33.6525
33.6531
33.6502
33.6511
33.6728
33.6077
33.5706
33.6369
33.6686
33.8397
33.797
33.8473
33.8477
33.8495
33.8226
33.8561
33.8651
33.7945
33.7576
33.8316
33.8683
33.873
33.9669
34.091
34.2095
34.2623
34.2852
34.2538
34.2114
34.2251
34.1995
34.2711
34.3451
34.376
34.5299
34.6034
34.6139
34.7309
34.565
34.5858
34.7854
34.9353
34.9206
35.0036
35.0401
35.0747
35.0948
35.0433
35.0678
35.0334
35.0558
35.1844
35.1268
35.1114
35.1055
35.1393
35.0228
35.1532
35.1876
35.1976
35.326
35.3161
35.5394
35.5462
35.4618
35.4927
35.5256
35.5022
35.4356
35.5203
35.5339
35.6762
35.5879
35.7041
35.7747
35.7646
35.786
35.7907
35.831
35.878
35.9653
35.8535
35.8431
35.9678
35.9379
35.8909
35.9554
35.9313
35.9792
36.0938
36.0636
36.0544
35.8978
35.9895
35.9784
36.0719
36.149
36.0432
35.9558
36.035
36.1444
36.1758
36.2524
36.307
36.3878
36.4054
36.4614
36.4379
36.4252
36.3427
36.3524
36.2897
36.2716
36.3513
36.4626
36.5512
36.6463
36.566
36.5911
36.6956
36.6756
36.6802
36.5145
36.6472
36.813
36.8876
36.8866
36.874
36.8463
36.8995
36.8551
36.9201
36.9101
36.8211
36.9399
37.0221
36.9776
36.9385
36.9521
36.8931
36.9441
37.0254
37.0892
37.1996
37.201
37.2868
37.2395
37.2428
37.33
37.3722
37.3104
37.3773
37.3886
37.4422
37.4529
37.4118
37.4649
37.4848
37.598
37.6091
37.6655
37.731
37.709
37.7341
37.7505
37.9148
38.0276
37.9158
37.9589
38.0337
37.9125
37.9519
37.9229
37.8733
37.8761
37.8562
37.9563
38.0574
37.9634
37.9959
38.0204
38.0274
38.05
38.0689
38.0822
38.1287
38.1059
38.1849
38.1647
38.3117
38.3684
38.3829
38.4159
38.3803
38.3565
38.4151
38.5442
38.5541
38.6419
38.6685
38.6662
38.7074
38.7888
38.7201
38.7712
38.8769
38.8521
39.0111
39.0146
39.0079
38.9435
38.9765
38.9426
38.9542
39.0111
39.0069
38.9985
39.151
39.1196
39.181
39.2188
39.1869
39.1101
39.1305
39.2147
39.2842
39.3366
39.3001
39.3006
39.3474
39.4461
39.4878
39.3909
39.492
39.4891
39.4261
39.4849
39.4314
39.4331
39.5801
39.6758
39.7034
39.6802
39.638
39.673
39.6864
39.7018
39.6787
39.8643
39.9307
39.9803
39.9433
40.0582
39.987
39.9975
39.9973
40.1237
40.2437
40.2067
40.262
40.274
40.2247
40.2174
40.3642
40.4631
40.399
40.388
40.3703
40.5074
40.5318
40.6087
40.613
40.5385
40.5495
40.5397
40.5541
40.6453
40.6219
40.6765
40.6765
40.7397
40.7488
40.7505
40.7496
40.8784
40.8795
40.8513
40.9826
40.9559
40.9638
40.9889
40.9902
40.9425
40.8928
40.9877
41.0629
41.0076
41.0337
41.0683
41.1438
41.1934
41.1706
41.1617
41.2179
41.199
41.2168
41.2417
41.3923
41.4821
41.4714
41.3666
41.5745
41.7024
41.8122
41.8425
41.7726
41.7759
41.8576
41.7954
41.7035
41.7524
41.8145
41.8749
42.0034
41.8985
42.0369
42.028
42.0202
41.9708
42.1422
42.1476
42.1728
42.2455
42.2842
42.2721
42.3897
42.3835
42.2957
42.2768
42.3133
42.3524
42.5007
42.552
42.528
42.6029
42.5382
42.513
42.4575
42.4757
42.4633
42.5491
42.5937
42.6596
42.6197
42.6505
42.5976
42.5396
42.5125
42.5694
42.6252
42.7412
42.7301
42.7379
42.6979
42.801
42.8439
42.7667
42.8554
42.8347
42.8184
43.0138
43.0613
43.0446
43.0662
43.0996
43.146
43.0235
43.1203
43.1986
43.2016
43.264
43.2643
43.3644
43.433
43.4414
43.3929
43.3213
43.2362
43.2976
43.352
43.4288
43.4978
43.4781
43.4064
43.311
43.1947
43.1777
43.3765
43.405
43.4255
43.5452
43.5233
43.4113
43.4733
43.4917
43.5754
43.6613
43.7035
43.7173
43.7005
43.7047
43.6881
43.6843
43.7398
43.8143
43.7482
43.8424
43.9357
43.9372
43.9646
43.9966
44.0584
44.1063
44.1141
44.0357
43.9977
44.0195
44.0306
44.0821
44.1388
44.1626
44.1486
44.1549
44.074
44.1234
44.2706
44.0767
44.1411
44.0893
44.1376
44.157
44.221
44.287
44.3092
44.2525
44.2906
44.28
44.3228
44.2259
44.2854
44.3958
44.4948
44.5111
44.5886
44.6037
44.5527
44.8253
44.8343
44.8321
44.7925
44.8975
44.983
44.9614
45.003
