0 0 0 0
0 0.24079 0.046887 0.319766
0.00059 2.07115 0.558145 1.15261
0.00782 3.36007 1.13105 1.69596
0.03878 4.458 1.75242 2.15814
0.1112 5.46997 2.41549 2.56841
0.23807 6.46143 3.11413 2.94057
0.42961 7.42294 3.84137 3.28294
0.68976 8.37822 4.59674 3.59411
1.01265 9.32126 5.3698 3.88271
1.40476 10.2604 6.16267 4.13868
1.86728 11.2007 6.97897 4.38971
2.37717 12.1362 7.80588 4.61888
2.93938 13.068 8.64638 4.83406
3.54706 13.9977 9.49677 5.04443
4.20084 14.9189 10.3582 5.22867
4.87398 15.8431 11.2189 5.40745
5.5783 16.7732 12.0917 5.57797
6.30224 17.6908 12.9667 5.73908
7.05842 18.61 13.8489 5.88866
7.83363 19.5262 14.7349 6.03954
8.62269 20.4528 15.628 6.18393
9.42459 21.3747 16.5209 6.31385
10.2511 22.2966 17.4236 6.43494
11.1006 23.2139 18.3285 6.55943
11.9456 24.1292 19.2294 6.66882
12.8107 25.0499 20.1389 6.78584
13.6729 25.9728 21.0473 6.88721
14.5485 26.8972 21.9587 7.00647
15.4439 27.825 22.876 7.10374
16.318 28.7454 23.7872 7.21354
17.2077 29.6615 24.6972 7.31913
18.0965 30.581 25.6105 7.41486
18.9926 31.5003 26.5243 7.49892
19.8897 32.4253 27.4407 7.59187
20.7921 33.346 28.3576 7.68469
21.7043 34.2753 29.2829 7.77296
22.6191 35.1939 30.2043 7.8484
23.5188 36.1129 31.1235 7.91556
24.433 37.0308 32.0439 7.99949
25.3291 37.9514 32.9609 8.0751
26.266 38.8707 33.8833 8.1413
27.1773 39.7833 34.8 8.22278
28.1002 40.7052 35.7176 8.28848
29.0141 41.6223 36.6349 8.35501
29.935 42.548 37.5576 8.42858
30.8514 43.4766 38.4819 8.51168
31.7666 44.3953 39.4049 8.60301
32.6722 45.3132 40.3212 8.67326
33.6065 46.235 41.2395 8.74153
34.5255 47.1513 42.1604 8.82265
35.4572 48.071 43.0803 8.89102
36.3709 48.9985 44.0084 8.9634
37.2867 49.9188 44.9287 9.02549
38.2164 50.8434 45.8533 9.09968
39.1408 51.7636 46.7737 9.16517
40.0593 52.6821 47.6947 9.23932
40.9809 53.6116 48.6207 9.30742
41.9024 54.5225 49.5387 9.35984
42.8182 55.4409 50.4609 9.42519
43.7512 56.3638 51.382 9.49546
44.6755 57.2916 52.3071 9.56344
45.586 58.2142 53.2226 9.64481
46.4978 59.1396 54.1423 9.71452
47.4432 60.0616 55.0659 9.77346
48.3642 60.9848 55.9891 9.83454
49.286 61.9061 56.9104 9.89684
50.2108 62.8309 57.8321 9.9538
51.1182 63.7509 58.7501 10.0181
52.0408 64.6671 59.67 10.0674
52.9609 65.5917 60.591 10.1329
53.8774 66.5131 61.5113 10.1992
54.7929 67.4276 62.4314 10.2606
55.7117 68.3547 63.3554 10.3262
56.6434 69.2812 64.2789 10.3995
57.5714 70.2091 65.2026 10.4526
58.4998 71.1308 66.1284 10.4971
59.4165 72.0609 67.0572 10.5536
60.3247 72.979 67.9744 10.6182
61.2443 73.9001 68.8969 10.6655
62.177 74.8213 69.8231 10.7181
63.0999 75.7439 70.7434 10.7773
64.0206 76.6512 71.6593 10.8293
64.9444 77.574 72.5799 10.8838
65.8631 78.4968 73.4974 10.952
66.772 79.4154 74.4147 11.0061
67.6795 80.3436 75.3392 11.0501
68.6169 81.263 76.2663 11.1097
69.5376 82.1898 77.1874 11.1836
70.4646 83.1096 78.1106 11.2465
71.3903 84.0316 79.037 11.3054
72.3005 84.9539 79.9558 11.3544
73.2201 85.8702 80.8775 11.4159
74.1497 86.7954 81.8005 11.4715
75.0846 87.7155 82.7236 11.5218
76.0027 88.637 83.6438 11.5668
76.9189 89.5516 84.5642 11.6155
77.8368 90.4776 85.4856 11.6733
78.7684 91.4023 86.4099 11.7267
79.6867 92.3253 87.3284 11.7847
80.6064 93.2372 88.246 11.8355
81.5151 94.1557 89.1596 11.8876
82.4263 95.0751 90.079 11.9356
83.356 95.9898 90.9987 11.9893
84.2802 96.9073 91.9171 12.0471
85.1919 97.8289 92.8346 12.0979
86.1018 98.7459 93.7524 12.1462
87.0209 99.669 94.6706 12.2027
87.9465 100.59 95.5908 12.2713
88.8683 101.515 96.5131 12.3217
89.7833 102.439 97.4335 12.3741
90.6921 103.358 98.354 12.4309
91.6076 104.275 99.2754 12.4756
92.5359 105.202 100.203 12.5231
93.4645 106.123 101.125 12.5663
94.3805 107.041 102.042 12.6165
95.3017 107.968 102.965 12.6713
96.2378 108.9 103.895 12.7198
97.1405 109.811 104.806 12.7534
98.0568 110.732 105.727 12.7913
98.9936 111.645 106.652 12.837
99.928 112.567 107.578 12.8809
100.843 113.487 108.501 12.9308
101.779 114.412 109.427 12.9839
102.708 115.34 110.35 13.0192
103.629 116.256 111.268 13.077
104.563 117.174 112.189 13.1262
105.49 118.098 113.11 13.1706
106.42 119.023 114.034 13.2232
107.323 119.946 114.953 13.2705
108.237 120.866 115.874 13.3099
109.164 121.798 116.799 13.3554
110.09 122.719 117.723 13.4086
111.016 123.633 118.644 13.4474
111.94 124.559 119.565 13.4997
112.843 125.477 120.48 13.5368
113.774 126.403 121.407 13.5922
114.696 127.322 122.328 13.6402
115.613 128.239 123.242 13.6781
116.53 129.16 124.162 13.7308
117.45 130.082 125.082 13.7816
118.368 131.004 126.003 13.8239
119.292 131.918 126.92 13.8536
120.222 132.84 127.841 13.8975
121.129 133.758 128.758 13.942
122.033 134.681 129.676 13.9859
122.963 135.601 130.602 14.031
123.898 136.525 131.526 14.0757
124.806 137.436 132.437 14.1251
125.733 138.359 133.36 14.1626
126.646 139.276 134.279 14.2115
127.576 140.199 135.209 14.2665
128.498 141.124 136.128 14.3112
129.412 142.04 137.047 14.3601
130.343 142.952 137.964 14.399
131.258 143.874 138.883 14.4465
132.188 144.788 139.803 14.4865
133.105 145.706 140.723 14.5398
134.006 146.622 141.634 14.5728
134.92 147.542 142.553 14.6194
135.846 148.466 143.476 14.6607
136.768 149.387 144.396 14.7106
137.678 150.305 145.311 14.747
138.596 151.222 146.235 14.7929
139.516 152.141 147.155 14.8445
140.435 153.064 148.074 14.8648
141.366 153.985 148.995 14.8995
142.284 154.901 149.914 14.9447
143.204 155.834 150.842 14.9942
144.132 156.76 151.762 15.0274
145.045 157.678 152.678 15.0837
145.963 158.603 153.6 15.1262
146.891 159.522 154.521 15.184
147.794 160.44 155.444 15.2247
148.709 161.366 156.363 15.2727
149.63 162.285 157.284 15.3118
150.537 163.206 158.205 15.3553
151.474 164.13 159.126 15.4066
152.412 165.042 160.048 15.4407
153.348 165.968 160.976 15.488
154.269 166.9 161.9 15.5204
155.18 167.823 162.817 15.5692
156.111 168.743 163.746 15.6141
157.028 169.669 164.667 15.6528
157.933 170.585 165.58 15.7039
158.857 171.501 166.499 15.7509
159.768 172.426 167.423 15.7992
160.686 173.345 168.345 15.8283
161.598 174.27 169.265 15.8663
162.53 175.186 170.184 15.8871
163.468 176.099 171.108 15.9166
164.392 177.026 172.029 15.9439
165.315 177.938 172.949 15.9872
166.229 178.865 173.87 16.0199
167.143 179.787 174.79 16.0682
168.077 180.712 175.713 16.108
168.989 181.635 176.629 16.1394
169.895 182.557 177.549 16.1878
170.825 183.477 178.472 16.229
171.762 184.392 179.392 16.2726
172.66 185.318 180.31 16.3059
173.572 186.238 181.231 16.3473
174.495 187.163 182.155 16.3766
175.426 188.08 183.076 16.4193
176.33 189.003 183.994 16.4494
177.261 189.92 184.913 16.4959
178.175 190.836 185.831 16.5401
179.081 191.757 186.748 16.5779
180.008 192.678 187.668 16.6152
180.929 193.598 188.593 16.6577
181.848 194.516 189.51 16.7163
182.769 195.435 190.43 16.7425
183.698 196.36 191.35 16.7853
184.61 197.283 192.269 16.8178
185.541 198.201 193.195 16.8517
186.462 199.117 194.117 16.8882
187.38 200.033 195.037 16.9186
188.319 200.953 195.96 16.9541
189.237 201.872 196.88 16.9918
190.14 202.799 197.797 17.0091
191.079 203.713 198.719 17.0434
192.011 204.634 199.643 17.0848
192.937 205.554 200.561 17.117
193.843 206.482 201.484 17.1414
194.773 207.398 202.404 17.193
195.698 208.316 203.328 17.2276
196.621 209.239 204.25 17.2694
197.54 210.159 205.174 17.3015
198.469 211.087 206.095 17.3399
199.393 212.011 207.02 17.3739
200.315 212.941 207.943 17.4198
201.235 213.854 208.861 17.4575
202.156 214.778 209.786 17.4819
203.084 215.695 210.704 17.5254
204.004 216.616 211.628 17.558
204.908 217.534 212.544 17.5841
205.829 218.451 213.461 17.6284
206.742 219.367 214.379 17.6644
207.655 220.285 215.296 17.7086
208.566 221.208 216.216 17.7449
209.492 222.137 217.139 17.7759
210.423 223.062 218.07 17.7997
211.345 223.975 218.985 17.8306
212.277 224.897 219.908 17.8645
213.187 225.823 220.826 17.8986
214.106 226.739 221.745 17.9381
215.029 227.66 222.66 17.9809
215.93 228.58 223.577 18.0213
216.855 229.494 224.492 18.0534
217.761 230.408 225.407 18.0917
218.678 231.324 226.326 18.1365
219.598 232.243 227.245 18.1678
220.501 233.166 228.16 18.1961
221.421 234.087 229.081 18.2377
222.349 235.007 230.007 18.2702
223.268 235.928 230.922 18.2999
224.196 236.84 231.843 18.3302
225.126 237.76 232.764 18.3542
226.043 238.691 233.685 18.3974
226.97 239.607 234.605 18.4306
227.892 240.522 235.522 18.4571
228.801 241.444 236.443 18.499
229.717 242.367 237.364 18.5352
230.631 243.293 238.288 18.5772
231.557 244.215 239.213 18.6134
232.473 245.132 240.135 18.6408
233.388 246.053 241.057 18.6664
234.311 246.976 241.98 18.6893
235.235 247.896 242.902 18.7395
236.158 248.817 243.82 18.7752
237.085 249.74 244.743 18.83
238.019 250.659 245.666 18.8567
238.959 251.575 246.586 18.8918
239.883 252.488 247.503 18.9312
240.806 253.414 248.42 18.9692
241.74 254.335 249.344 18.9936
242.657 255.256 250.266 19.0023
243.555 256.182 251.186 19.0432
244.467 257.099 252.106 19.0716
245.394 258.015 253.028 19.1013
246.328 258.943 253.955 19.1338
247.252 259.87 254.882 19.1803
248.171 260.782 255.798 19.2011
249.086 261.703 256.718 19.2407
250.001 262.622 257.635 19.2823
250.925 263.547 258.556 19.3099
251.845 264.463 259.477 19.3523
252.757 265.386 260.397 19.3787
253.684 266.304 261.316 19.4112
254.612 267.23 262.244 19.4431
255.535 268.159 263.169 19.4673
256.462 269.082 264.092 19.4904
257.385 270.011 265.019 19.5141
258.316 270.936 265.948 19.5599
259.235 271.857 266.87 19.5838
260.15 272.782 267.79 19.627
261.082 273.703 268.712 19.663
262.004 274.623 269.632 19.6773
262.917 275.549 270.553 19.7069
263.827 276.471 271.472 19.7358
264.744 277.386 272.39 19.777
265.666 278.306 273.313 19.8086
266.58 279.227 274.229 19.8418
267.51 280.14 275.151 19.8747
268.435 281.057 276.073 19.9043
269.352 281.973 276.987 19.9354
270.279 282.892 277.91 19.9696
271.209 283.815 278.833 20.0071
272.134 284.733 279.75 20.03
273.052 285.657 280.672 20.0483
273.977 286.578 281.594 20.073
274.897 287.496 282.514 20.1004
275.818 288.423 283.436 20.1283
276.724 289.345 284.35 20.1577
277.637 290.267 285.271 20.1655
278.552 291.18 286.188 20.2065
279.47 292.103 287.108 20.2448
280.383 293.029 288.032 20.2774
281.316 293.949 288.955 20.3198
282.242 294.87 289.874 20.3605
283.168 295.793 290.796 20.395
284.099 296.712 291.72 20.422
285.02 297.633 292.642 20.4561
285.934 298.554 293.559 20.4885
286.854 299.474 294.481 20.5087
287.759 300.403 295.404 20.5339
288.69 301.327 296.329 20.5633
289.603 302.249 297.25 20.6062
290.523 303.165 298.169 20.6234
291.453 304.084 299.097 20.6793
292.382 305.01 300.023 20.6988
293.301 305.937 300.944 20.7299
294.23 306.859 301.869 20.7673
295.158 307.786 302.792 20.8112
296.083 308.708 303.714 20.8321
297.008 309.63 304.638 20.8638
297.929 310.554 305.562 20.8835
298.838 311.469 306.478 20.9273
299.765 312.389 307.4 20.9703
300.689 313.308 308.324 20.9999
301.621 314.23 309.249 21.036
302.555 315.155 310.17 21.058
303.472 316.074 311.088 21.0765
304.369 317 312.009 21.1149
305.29 317.925 312.932 21.1401
306.21 318.842 313.848 21.1676
307.131 319.764 314.768 21.1835
308.061 320.686 315.691 21.2043
308.983 321.606 316.614 21.2275
309.901 322.524 317.537 21.2551
310.823 323.45 318.459 21.2942
311.734 324.369 319.376 21.3339
312.65 325.296 320.299 21.3585
313.575 326.213 321.217 21.3926
314.497 327.132 322.138 21.4189
315.408 328.056 323.063 21.4595
316.323 328.974 323.978 21.49
317.234 329.897 324.893 21.4995
318.165 330.817 325.818 21.528
319.088 331.737 326.742 21.5638
320.014 332.657 327.665 21.5983
320.951 333.576 328.587 21.6304
321.86 334.496 329.505 21.6725
322.784 335.411 330.42 21.7017
323.706 336.339 331.346 21.7352
324.611 337.259 332.262 21.7546
325.532 338.176 333.181 21.7862
326.452 339.093 334.1 21.818
327.376 340.015 335.022 21.8677
328.327 340.94 335.947 21.8901
329.245 341.862 336.867 21.9133
330.15 342.778 337.785 21.9392
331.076 343.7 338.707 21.9676
332.001 344.62 339.629 21.9945
332.908 345.534 340.546 22.0239
333.821 346.451 341.463 22.0557
334.755 347.371 342.381 22.0736
335.664 348.293 343.299 22.0998
336.585 349.213 344.218 22.131
337.509 350.138 345.145 22.1546
338.44 351.06 346.068 22.1834
339.365 351.981 346.99 22.2087
340.272 352.893 347.909 22.223
341.183 353.814 348.828 22.2602
342.103 354.734 349.747 22.2762
343.017 355.65 350.663 22.2965
343.934 356.571 351.581 22.3268
344.868 357.491 352.501 22.357
345.785 358.412 353.422 22.3778
346.713 359.339 354.343 22.4134
347.618 360.26 355.262 22.4399
348.546 361.195 356.187 22.4658
349.461 362.114 357.108 22.506
350.39 363.032 358.033 22.5464
351.3 363.956 358.955 22.581
352.209 364.872 359.871 22.6001
353.127 365.783 360.788 22.6256
354.043 366.702 361.706 22.6635
354.972 367.621 362.627 22.6898
355.888 368.542 363.542 22.7284
356.817 369.459 364.464 22.76
357.739 370.387 365.388 22.7828
358.658 371.3 366.305 22.8066
359.572 372.217 367.223 22.8296
360.501 373.139 368.145 22.8573
361.419 374.062 369.064 22.8706
362.362 374.982 369.988 22.9041
363.276 375.898 370.906 22.9358
364.193 376.82 371.827 22.9566
365.11 377.741 372.75 22.975
366.04 378.658 373.668 22.9937
366.959 379.575 374.589 23.0155
367.878 380.5 375.513 23.0492
368.792 381.427 376.434 23.0833
369.717 382.343 377.358 23.1081
370.633 383.265 378.281 23.1436
371.558 384.178 379.198 23.1741
372.467 385.101 380.114 23.1952
373.396 386.024 381.033 23.2221
374.314 386.95 381.96 23.2598
375.224 387.871 382.877 23.295
376.146 388.792 383.797 23.3163
377.083 389.706 384.718 23.3487
378.005 390.628 385.639 23.3761
378.929 391.551 386.556 23.3982
379.862 392.475 387.483 23.4393
380.776 393.391 388.399 23.4716
381.696 394.312 389.318 23.4995
382.622 395.235 390.241 23.5182
383.515 396.16 391.156 23.5407
384.443 397.085 392.082 23.5611
385.363 398.01 393.007 23.5909
386.277 398.928 393.925 23.6128
387.201 399.852 394.851 23.643
388.116 400.774 395.771 23.6809
389.049 401.698 396.693 23.6976
389.973 402.623 397.613 23.7358
390.887 403.546 398.533 23.7663
391.811 404.466 399.456 23.7773
392.72 405.385 400.377 23.8114
393.623 406.3 401.29 23.8332
394.554 407.214 402.21 23.8564
395.472 408.134 403.131 23.8813
396.4 409.054 404.053 23.9043
397.331 409.975 404.977 23.9384
398.256 410.889 405.888 23.9669
399.16 411.812 406.81 23.9864
400.085 412.729 407.73 24.0124
401.005 413.652 408.652 24.0383
401.926 414.57 409.574 24.0608
402.84 415.492 410.493 24.0719
403.773 416.422 411.417 24.1063
404.691 417.341 412.338 24.1313
405.631 418.264 413.264 24.1525
406.559 419.178 414.183 24.1724
407.474 420.105 415.104 24.2027
408.393 421.032 416.03 24.2264
409.331 421.954 416.957 24.2589
410.252 422.88 417.88 24.2778
411.177 423.797 418.802 24.3139
412.082 424.717 419.722 24.3273
413.022 425.642 420.648 24.3611
413.945 426.564 421.572 24.4006
414.868 427.48 422.495 24.428
415.787 428.401 423.412 24.4508
416.709 429.326 424.335 24.4786
417.627 430.248 425.256 24.4974
418.55 431.169 426.173 24.5267
419.467 432.09 427.094 24.5627
420.376 433.007 428.012 24.6002
421.285 433.93 428.934 24.6212
422.203 434.85 429.855 24.6514
423.125 435.766 430.772 24.6825
424.046 436.687 431.695 24.6974
424.965 437.61 432.614 24.7207
425.888 438.532 433.531 24.754
426.798 439.452 434.45 24.7694
427.729 440.371 435.372 24.7937
428.662 441.293 436.296 24.8221
429.565 442.212 437.212 24.8602
430.507 443.126 438.131 24.8787
431.441 444.045 439.05 24.9016
432.357 444.963 439.969 24.9265
433.283 445.882 440.89 24.9535
434.201 446.805 441.812 24.9726
435.108 447.724 442.728 25.0053
436.018 448.636 443.645 25.0301
436.925 449.551 444.562 25.0538
437.855 450.476 445.485 25.0777
438.786 451.393 446.41 25.0887
439.695 452.312 447.323 25.1178
440.617 453.231 448.245 25.1301
441.55 454.153 449.167 25.1527
442.455 455.059 450.077 25.1758
443.371 455.98 450.994 25.208
444.302 456.896 451.913 25.2488
445.233 457.821 452.84 25.2731
446.159 458.745 453.764 25.3035
447.067 459.662 454.675 25.3186
447.974 460.577 455.588 25.3557
448.884 461.494 456.503 25.383
449.801 462.418 457.429 25.4028
450.697 463.343 458.345 25.4282
451.611 464.26 459.265 25.4628
452.548 465.183 460.188 25.4879
453.469 466.105 461.111 25.4922
454.39 467.021 462.026 25.5249
455.303 467.939 462.945 25.5489
456.227 468.86 463.867 25.5549
457.149 469.785 464.795 25.5834
458.068 470.702 465.717 25.6192
458.996 471.625 466.641 25.6503
459.919 472.549 467.559 25.653
460.846 473.471 468.479 25.6732
461.765 474.394 469.4 25.7035
462.68 475.316 470.319 25.7266
463.608 476.232 471.242 25.7427
464.523 477.156 472.164 25.7793
465.452 478.078 473.087 25.8088
466.373 479.001 474.007 25.8528
467.295 479.931 474.933 25.8743
468.213 480.854 475.852 25.8944
469.129 481.77 476.771 25.9158
470.049 482.689 477.694 25.9574
470.962 483.606 478.611 25.9613
471.888 484.534 479.535 25.98
472.807 485.447 480.451 26.0177
473.73 486.371 481.377 26.0407
474.646 487.284 482.291 26.0689
475.568 488.204 483.211 26.0942
476.491 489.124 484.128 26.1149
477.406 490.043 485.044 26.1338
478.313 490.973 485.965 26.1529
479.233 491.893 486.888 26.1909
480.153 492.808 487.812 26.2259
481.074 493.731 488.733 26.2459
481.977 494.645 489.648 26.2742
482.92 495.56 490.573 26.2868
483.844 496.481 491.49 26.3202
484.761 497.405 492.41 26.3388
485.684 498.326 493.334 26.3685
486.593 499.243 494.248 26.4005
487.508 500.155 495.164 26.4184
488.432 501.074 496.086 26.4492
489.368 501.997 497.011 26.4721
490.288 502.921 497.929 26.5042
491.206 503.839 498.847 26.5362
492.128 504.761 499.767 26.5566
493.053 505.678 500.689 26.5779
493.98 506.606 501.612 26.5985
494.908 507.515 502.53 26.6237
495.824 508.435 503.446 26.6457
496.754 509.363 504.374 26.6789
497.682 510.283 505.299 26.7015
498.603 511.205 506.218 26.734
499.52 512.13 507.139 26.7628
500.446 513.048 508.057 26.792
501.367 513.972 508.982 26.8138
502.278 514.895 509.9 26.8444
503.202 515.817 510.821 26.8668
504.116 516.731 511.742 26.8892
505.034 517.652 512.662 26.9011
505.947 518.572 513.579 26.931
506.858 519.493 514.496 26.9581
507.752 520.415 515.413 26.9791
508.675 521.338 516.334 27.0079
509.6 522.257 517.255 27.0426
510.516 523.173 518.174 27.0777
511.437 524.088 519.092 27.1094
512.374 525.002 520.012 27.1294
513.291 525.918 520.93 27.1432
514.209 526.84 521.845 27.1584
515.128 527.766 522.767 27.1829
516.046 528.686 523.686 27.2128
516.969 529.603 524.603 27.2171
517.885 530.52 525.523 27.2361
518.808 531.429 526.441 27.2634
519.73 532.347 527.362 27.2843
520.664 533.269 528.287 27.309
521.578 534.196 529.213 27.3361
522.502 535.118 530.138 27.3595
523.422 536.038 531.059 27.384
524.347 536.955 531.978 27.4089
525.26 537.878 532.893 27.4298
526.171 538.8 533.813 27.4548
527.091 539.718 534.731 27.4642
528.01 540.644 535.651 27.4945
528.938 541.567 536.575 27.5167
529.866 542.489 537.498 27.5444
530.788 543.409 538.418 27.5676
531.704 544.327 539.335 27.6038
532.63 545.244 540.258 27.6346
533.55 546.171 541.182 27.6634
534.454 547.09 542.102 27.6851
535.371 548.015 543.02 27.6905
536.296 548.936 543.942 27.7208
537.224 549.856 544.861 27.7336
538.151 550.774 545.783 27.7519
539.066 551.7 546.707 27.7768
539.991 552.627 547.63 27.7986
540.907 553.546 548.549 27.8137
541.826 554.471 549.473 27.8597
542.738 555.384 550.386 27.8857
543.661 556.301 551.303 27.904
544.579 557.228 552.224 27.9265
545.507 558.151 553.147 27.9537
546.44 559.073 554.071 27.9644
547.353 559.991 554.992 27.9888
548.271 560.908 555.911 28.0272
549.202 561.828 556.833 28.0481
550.104 562.746 557.748 28.0709
551.027 563.674 558.672 28.0891
551.961 564.582 559.591 28.1128
552.881 565.504 560.514 28.1445
553.805 566.427 561.438 28.1516
554.72 567.341 562.351 28.1649
555.633 568.261 563.27 28.183
556.56 569.173 564.188 28.2029
557.462 570.099 565.107 28.2277
558.409 571.022 566.038 28.2552
559.319 571.946 566.954 28.2673
560.255 572.868 567.878 28.3025
561.165 573.785 568.796 28.3274
562.093 574.716 569.725 28.3553
563.008 575.637 570.642 28.3718
563.921 576.56 571.562 28.4004
564.844 577.481 572.485 28.4214
565.759 578.4 573.404 28.4306
566.665 579.314 574.319 28.4419
567.594 580.239 575.239 28.4653
568.522 581.156 576.161 28.4846
569.457 582.075 577.081 28.4999
570.373 582.999 578.001 28.5371
571.287 583.92 578.921 28.5415
572.201 584.836 579.84 28.5548
573.124 585.764 580.763 28.5818
574.033 586.688 581.685 28.5991
574.958 587.607 582.606 28.6099
575.869 588.529 583.52 28.6304
576.805 589.444 584.439 28.6551
577.721 590.363 585.358 28.6774
578.636 591.287 586.278 28.6938
579.566 592.207 587.201 28.7243
580.483 593.13 588.127 28.7461
581.407 594.048 589.054 28.761
582.314 594.967 589.967 28.7927
583.234 595.896 590.893 28.8153
584.159 596.811 591.814 28.8404
585.077 597.732 592.736 28.8522
586 598.657 593.654 28.8714
586.925 599.573 594.573 28.9097
587.856 600.49 595.496 28.9303
588.779 601.41 596.416 28.956
589.695 602.324 597.333 28.975
590.617 603.243 598.252 28.9993
591.53 604.17 599.171 29.0137
592.443 605.093 600.088 29.0485
593.37 606.019 601.017 29.0651
594.291 606.942 601.936 29.0811
595.206 607.86 602.858 29.1018
596.13 608.787 603.783 29.1212
597.065 609.706 604.705 29.1287
597.991 610.628 605.629 29.1529
598.907 611.548 606.548 29.1784
599.83 612.469 607.471 29.1985
600.755 613.392 608.39 29.2222
601.675 614.316 609.31 29.2543
602.592 615.238 610.231 29.2802
603.514 616.157 611.154 29.31
604.442 617.076 612.076 29.3415
605.362 617.996 612.998 29.3581
606.28 618.919 613.918 29.3753
607.185 619.831 614.83 29.3948
608.11 620.747 615.748 29.4151
609.041 621.67 616.673 29.419
609.967 622.587 617.595 29.4429
610.891 623.509 618.516 29.4538
611.801 624.43 619.434 29.4682
612.716 625.356 620.354 29.5015
613.631 626.273 621.275 29.5183
614.543 627.191 622.193 29.5409
615.472 628.115 623.116 29.5513
616.382 629.031 624.032 29.5756
617.305 629.95 624.954 29.6049
618.223 630.865 625.871 29.6278
619.155 631.783 626.793 29.6524
620.079 632.709 627.716 29.6697
620.985 633.631 628.629 29.6907
621.909 634.551 629.551 29.7172
622.833 635.468 630.467 29.7414
623.763 636.384 631.388 29.7585
624.679 637.302 632.309 29.7852
625.606 638.221 633.231 29.8019
626.525 639.139 634.152 29.8172
627.449 640.061 635.076 29.8415
628.369 640.985 635.998 29.8626
629.29 641.905 636.917 29.8929
630.203 642.824 637.831 29.9207
631.121 643.742 638.753 29.9492
632.061 644.66 639.679 29.9721
632.959 645.582 640.597 29.9881
633.896 646.501 641.525 30.0036
634.813 647.425 642.447 30.0209
635.742 648.343 643.368 30.0324
636.656 649.269 644.287 30.0459
637.579 650.193 645.212 30.0655
638.513 651.119 646.136 30.0938
639.436 652.035 647.055 30.1229
640.356 652.954 647.975 30.1571
641.286 653.862 648.894 30.1748
642.195 654.783 649.812 30.1949
643.111 655.705 650.727 30.2208
644.01 656.629 651.643 30.2458
644.941 657.557 652.566 30.2606
645.861 658.482 653.487 30.2846
646.781 659.402 654.408 30.3121
647.694 660.31 655.324 30.327
648.604 661.233 656.243 30.3466
649.527 662.15 657.163 30.3654
650.445 663.07 658.077 30.3801
651.358 663.993 658.996 30.3968
652.28 664.916 659.916 30.4124
653.195 665.836 660.835 30.4313
654.114 666.753 661.755 30.4474
655.03 667.674 662.674 30.4875
655.934 668.589 663.586 30.511
656.861 669.511 664.509 30.534
657.785 670.44 665.431 30.5625
658.715 671.359 666.354 30.5633
659.643 672.275 667.273 30.5934
660.55 673.195 668.194 30.6181
661.478 674.113 669.117 30.6269
662.395 675.035 670.037 30.6488
663.324 675.952 670.96 30.6722
664.259 676.875 671.887 30.6971
665.181 677.796 672.811 30.714
666.09 678.715 673.729 30.7187
667.018 679.638 674.653 30.7467
667.932 680.559 675.57 30.7583
668.855 681.47 676.488 30.7839
669.773 682.389 677.407 30.7986
670.693 683.307 678.326 30.8257
671.609 684.235 679.243 30.8477
672.527 685.153 680.162 30.8514
673.447 686.066 681.078 30.8837
674.373 686.989 681.998 30.9106
675.287 687.903 682.91 30.9401
676.212 688.823 683.83 30.9778
677.114 689.738 684.742 30.9978
678.029 690.66 685.661 31.0295
678.952 691.584 686.584 31.0356
679.868 692.503 687.504 31.0478
680.793 693.426 688.427 31.073
681.716 694.344 689.344 31.0979
682.627 695.26 690.263 31.1097
683.55 696.181 691.185 31.1327
684.464 697.098 692.098 31.1513
685.379 698.026 693.021 31.1755
686.309 698.946 693.947 31.1978
687.233 699.858 694.866 31.2165
688.16 700.781 695.787 31.2346
689.071 701.703 696.71 31.2456
689.994 702.629 697.636 31.2542
690.932 703.554 698.563 31.29
691.847 704.477 699.483 31.3198
692.747 705.403 700.401 31.3352
693.671 706.322 701.319 31.3357
694.598 707.241 702.24 31.3486
695.523 708.156 703.158 31.3754
696.445 709.075 704.082 31.401
697.363 709.995 705.002 31.4137
698.273 710.918 705.92 31.4292
699.196 711.844 706.842 31.4586
700.12 712.768 707.769 31.4658
701.028 713.682 708.684 31.4865
701.974 714.597 709.606 31.4963
702.9 715.524 710.533 31.5256
703.826 716.439 711.453 31.5412
704.742 717.358 712.371 31.5748
705.686 718.272 713.294 31.5929
706.608 719.188 714.213 31.6115
707.536 720.109 715.13 31.6495
708.455 721.032 716.055 31.6604
709.369 721.959 716.975 31.6711
710.29 722.88 717.899 31.6895
711.205 723.8 718.817 31.7054
712.125 724.726 719.739 31.7247
713.039 725.649 720.657 31.7438
713.962 726.568 721.577 31.7667
714.864 727.49 722.493 31.7794
715.771 728.411 723.414 31.7966
716.688 729.327 724.332 31.8314
717.615 730.252 725.256 31.8542
718.549 731.177 726.176 31.8815
719.481 732.094 727.1 31.904
720.387 733.004 728.013 31.9191
721.31 733.929 728.936 31.9322
722.217 734.848 729.856 31.9508
723.145 735.769 730.779 31.9647
724.068 736.688 731.7 31.9692
724.989 737.604 732.619 31.9847
725.902 738.525 733.545 32.0304
726.82 739.445 734.462 32.0471
727.725 740.368 735.378 32.0588
728.648 741.285 736.298 32.0826
729.572 742.206 737.219 32.1081
730.482 743.126 738.133 32.1325
731.403 744.046 739.052 32.1486
732.328 744.967 739.971 32.1592
733.263 745.886 740.892 32.1793
734.185 746.807 741.814 32.2003
735.1 747.727 742.735 32.2139
736.023 748.657 743.662 32.2485
736.934 749.577 744.579 32.2734
737.873 750.503 745.505 32.3005
738.795 751.427 746.425 32.321
739.699 752.353 747.35 32.3297
740.616 753.264 748.268 32.3404
741.547 754.181 749.193 32.3565
742.464 755.105 750.11 32.3824
743.382 756.02 751.029 32.3944
744.307 756.937 751.95 32.4128
745.222 757.853 752.864 32.4357
746.142 758.776 753.784 32.4498
747.056 759.693 754.707 32.4604
747.97 760.615 755.623 32.4796
748.9 761.538 756.545 32.4747
749.825 762.458 757.47 32.4945
750.742 763.375 758.391 32.5217
751.673 764.299 759.313 32.5399
752.598 765.223 760.232 32.5671
753.533 766.142 761.155 32.5901
754.449 767.057 762.073 32.588
755.372 767.979 762.991 32.6023
756.299 768.897 763.911 32.6343
757.208 769.812 764.827 32.6468
758.119 770.733 765.746 32.6595
759.054 771.653 766.674 32.6755
759.964 772.573 767.59 32.6867
760.888 773.492 768.51 32.693
761.792 774.415 769.43 32.7166
762.712 775.333 770.347 32.7355
763.643 776.253 771.267 32.7443
764.571 777.177 772.19 32.7658
765.501 778.109 773.118 32.7949
766.433 779.036 774.041 32.8142
767.357 779.95 774.96 32.8323
768.283 780.87 775.882 32.8468
769.197 781.792 776.804 32.87
770.112 782.713 777.723 32.8856
771.031 783.629 778.64 32.8948
771.947 784.55 779.56 32.9124
772.86 785.47 780.482 32.9233
773.778 786.393 781.404 32.9357
774.693 787.313 782.323 32.9615
775.616 788.236 783.246 32.9835
776.545 789.148 784.162 33.0066
777.455 790.072 785.082 33.033
778.379 790.997 786.002 33.0396
779.3 791.914 786.923 33.0453
780.233 792.829 787.845 33.0612
781.149 793.746 788.764 33.0719
782.06 794.664 789.682 33.0809
782.98 795.585 790.604 33.0959
783.902 796.501 791.521 33.1184
784.829 797.426 792.444 33.1411
785.752 798.344 793.363 33.1668
786.666 799.275 794.287 33.1783
787.583 800.193 795.205 33.1926
788.5 801.111 796.126 33.2124
789.433 802.044 797.051 33.2229
790.352 802.962 797.968 33.2464
791.265 803.884 798.893 33.2676
792.175 804.803 799.809 33.2863
793.093 805.731 800.733 33.3006
794.021 806.649 801.657 33.3279
794.955 807.574 802.583 33.343
795.88 808.499 803.506 33.3655
796.805 809.417 804.431 33.4015
797.716 810.342 805.35 33.4252
798.627 811.255 806.265 33.4414
799.555 812.172 807.185 33.4487
800.48 813.099 808.106 33.4561
801.41 814.023 809.028 33.4899
802.331 814.949 809.951 33.4946
803.247 815.875 810.876 33.5072
804.168 816.796 811.795 33.5397
805.076 817.722 812.716 33.5657
805.986 818.65 813.638 33.5872
806.902 819.57 814.564 33.5957
807.822 820.489 815.484 33.623
808.736 821.414 816.406 33.6204
809.664 822.332 817.328 33.643
810.591 823.258 818.254 33.6823
811.514 824.176 819.169 33.6997
812.433 825.092 820.088 33.7225
813.346 826.015 821.009 33.7467
814.261 826.935 821.928 33.763
815.17 827.855 822.848 33.7627
816.104 828.781 823.773 33.7687
817.03 829.698 824.695 33.7957
817.946 830.62 825.613 33.8148
818.866 831.537 826.536 33.8425
819.779 832.458 827.455 33.861
820.713 833.379 828.378 33.8639
821.638 834.298 829.297 33.8735
822.559 835.223 830.223 33.9036
823.481 836.139 831.143 33.927
824.405 837.061 832.064 33.946
825.325 837.977 832.983 33.9685
826.256 838.902 833.906 33.9866
827.186 839.824 834.832 34.0038
828.102 840.745 835.75 34.0272
829.037 841.667 836.672 34.0476
829.955 842.585 837.591 34.0659
830.898 843.505 838.517 34.0949
831.826 844.417 839.433 34.0946
832.749 845.339 840.357 34.0937
833.651 846.259 841.269 34.114
834.596 847.186 842.198 34.1413
835.507 848.106 843.118 34.157
836.414 849.026 844.034 34.1836
837.322 849.948 844.952 34.2041
838.247 850.869 845.874 34.2264
839.162 851.793 846.796 34.2369
840.079 852.717 847.72 34.2393
840.996 853.639 848.641 34.2657
841.926 854.565 849.566 34.28
842.865 855.485 850.49 34.3071
843.774 856.405 851.408 34.3263
844.687 857.317 852.323 34.3497
845.625 858.237 853.247 34.378
846.542 859.15 854.165 34.406
847.469 860.071 855.086 34.4343
848.389 860.999 856.011 34.438
849.322 861.924 856.937 34.4576
850.241 862.838 857.856 34.4615
851.154 863.764 858.773 34.4833
852.076 864.69 859.696 34.5132
852.995 865.616 860.621 34.5251
853.914 866.535 861.542 34.5519
854.833 867.449 862.458 34.5591
855.749 868.367 863.374 34.5705
856.675 869.287 864.293 34.6086
857.587 870.211 865.213 34.624
858.524 871.128 866.137 34.6447
859.433 872.049 867.058 34.6467
860.362 872.971 867.982 34.6723
861.27 873.887 868.9 34.696
862.178 874.807 869.818 34.7013
863.104 875.725 870.739 34.7263
864.029 876.648 871.662 34.757
864.952 877.566 872.582 34.7735
865.877 878.487 873.503 34.7963
866.794 879.405 874.424 34.8123
867.711 880.335 875.348 34.8437
868.628 881.259 876.27 34.8658
869.548 882.176 877.185 34.8908
870.46 883.097 878.102 34.8962
871.373 884.017 879.022 34.9208
872.296 884.947 879.946 34.9447
873.237 885.868 880.871 34.9465
874.158 886.776 881.785 34.9567
875.082 887.695 882.703 34.9694
875.998 888.622 883.622 34.9927
876.905 889.534 884.544 35.0216
877.829 890.454 885.47 35.0441
878.747 891.376 886.392 35.0461
879.673 892.301 887.316 35.0553
880.591 893.216 888.231 35.0683
881.506 894.134 889.15 35.0895
882.416 895.054 890.07 35.0968
883.35 895.975 890.99 35.1328
884.269 896.892 891.91 35.1342
885.203 897.809 892.828 35.1514
886.126 898.724 893.747 35.1823
887.055 899.655 894.673 35.205
887.969 900.573 895.589 35.2227
888.887 901.495 896.511 35.2487
889.806 902.413 897.433 35.2738
890.726 903.335 898.352 35.2801
891.636 904.256 899.271 35.2977
892.548 905.181 900.193 35.3139
893.466 906.107 901.114 35.3278
894.402 907.029 902.036 35.3466
895.32 907.952 902.957 35.3546
896.249 908.874 903.88 35.3683
897.168 909.796 904.801 35.3911
898.09 910.718 905.717 35.4133
899.015 911.642 906.64 35.4284
899.942 912.557 907.56 35.4538
900.86 913.472 908.479 35.4455
901.79 914.39 909.398 35.474
902.71 915.302 910.32 35.4912
903.635 916.229 911.244 35.5067
904.551 917.152 912.162 35.5197
905.47 918.074 913.083 35.5259
906.376 918.998 914 35.5456
907.286 919.915 914.914 35.566
908.205 920.834 915.832 35.5853
909.127 921.755 916.755 35.6077
