0 0 0 0
0 0.0038 0.00069 0.019999
0.0008 1.9121 0.50919 1.13901
0.0099 3.2187 1.07557 1.69513
0.0411 4.3466 1.69876 2.16788
0.1148 5.3645 2.35831 2.5878
0.2435 6.3387 3.04128 2.93551
0.4296 7.2905 3.76354 3.27726
0.6831 8.2502 4.51463 3.5873
0.9814 9.2048 5.27794 3.87363
1.3775 10.1598 6.08375 4.14947
1.8182 11.1359 6.91073 4.43971
2.3268 12.0633 7.74251 4.67508
2.8959 13.0151 8.58849 4.91007
3.5046 13.9402 9.44223 5.12143
4.1504 14.8825 10.3083 5.28793
4.7994 15.8138 11.1763 5.47649
5.5236 16.7486 12.0447 5.68645
6.2937 17.6598 12.9423 5.8697
7.059 18.578 13.8323 6.05167
7.8551 19.5074 14.7211 6.20958
8.6762 20.4694 15.641 6.35719
9.4927 21.4076 16.5531 6.51271
10.3195 22.3455 17.4573 6.65936
11.1367 23.2762 18.3682 6.77824
12.0325 24.1938 19.2834 6.86579
12.9152 25.1013 20.1954 6.97963
13.7414 26.0211 21.107 7.11388
14.6354 26.9435 22.0149 7.21633
15.4711 27.8651 22.9064 7.3195
16.3321 28.8103 23.8255 7.42749
17.2491 29.7384 24.7555 7.52707
18.1663 30.6534 25.6873 7.60444
19.0917 31.6013 26.6155 7.69909
20.0105 32.5604 27.5569 7.75472
20.9027 33.5034 28.498 7.8483
21.8502 34.4335 29.4305 7.94042
22.7534 35.3742 30.352 8.03959
23.6437 36.2954 31.2751 8.12735
24.5756 37.2018 32.2072 8.16374
25.5076 38.1177 33.1229 8.25862
26.4576 39.0412 34.0475 8.35275
27.3376 39.9656 34.9526 8.41803
28.3038 40.908 35.8868 8.53026
29.221 41.8234 36.814 8.63105
30.1324 42.7483 37.7341 8.68905
31.0664 43.6777 38.6568 8.74434
32.0026 44.6053 39.598 8.82316
32.9039 45.538 40.5254 8.91928
33.8346 46.435 41.4435 8.99197
34.8111 47.3658 42.385 9.02147
35.7473 48.3125 43.3191 9.09274
36.6668 49.2337 44.2484 9.16818
37.5786 50.1646 45.1907 9.24216
38.5071 51.1004 46.1289 9.33351
39.4012 52.0312 47.0526 9.40965
40.3029 52.9686 47.985 9.52132
41.2083 53.9018 48.9187 9.55436
42.1455 54.7954 49.8355 9.60372
43.0959 55.7286 50.7711 9.6858
44.0304 56.6644 51.7088 9.78337
44.9478 57.6063 52.6472 9.83543
45.88 58.523 53.5628 9.91192
46.8399 59.4384 54.4802 9.98716
47.7819 60.362 55.4096 10.0979
48.721 61.2759 56.3262 10.1715
49.618 62.2171 57.2556 10.2215
50.5594 63.1536 58.1841 10.3088
51.5227 64.0605 59.1065 10.3516
52.4483 65.0061 60.0392 10.409
53.3149 65.9488 60.9577 10.4892
54.2649 66.863 61.8804 10.5344
55.178 67.7951 62.7909 10.5518
56.1243 68.7114 63.719 10.6089
56.9952 69.6463 64.6353 10.6955
57.945 70.5594 65.5752 10.7683
58.8902 71.4887 66.5079 10.8613
59.8681 72.428 67.4366 10.9293
60.7838 73.365 68.3748 10.9931
61.6772 74.3061 69.3017 11.0921
62.5806 75.2295 70.2269 11.1363
63.4979 76.1566 71.1513 11.2156
64.4205 77.0798 72.0751 11.2706
65.3438 78.0201 73.015 11.3516
66.2539 78.9452 73.949 11.4088
67.1683 79.8645 74.8626 11.4505
68.0796 80.8188 75.7966 11.5298
69.0316 81.7506 76.7321 11.6017
70.0014 82.6856 77.6773 11.6325
70.9146 83.64 78.6102 11.674
71.8251 84.5558 79.5353 11.7146
72.7745 85.5051 80.4722 11.7535
73.647 86.4235 81.3819 11.8285
74.5785 87.3616 82.3161 11.8864
75.5186 88.2843 83.2542 11.9385
76.4878 89.2068 84.2093 11.9841
77.4456 90.1274 85.1333 12.0317
78.3839 91.0658 86.0596 12.078
79.2886 92.004 86.9879 12.1613
80.2367 92.94 87.9162 12.1973
81.2002 93.8829 88.8625 12.2719
