0 0 0 0
0 0.0094 0.000965 0.0173179
0 2.8625 0.508245 1.1143
0 4.3394 1.08016 1.6847
0.0007 5.5998 1.71201 2.15675
0.0053 6.7579 2.3755 2.56384
0.0232 7.8652 3.0785 2.95597
0.0629 9.0016 3.81868 3.3312
0.1395 10.0731 4.5779 3.6359
0.2512 11.1576 5.35004 3.93247
0.4204 12.2282 6.15998 4.24107
0.6482 13.308 6.97915 4.5086
0.9314 14.334 7.80346 4.72858
1.2775 15.3576 8.65744 4.95713
1.6814 16.3718 9.53476 5.16335
2.1385 17.376 10.4032 5.31692
2.6438 18.4085 11.2895 5.50429
3.1978 19.439 12.1874 5.67784
3.7648 20.4406 13.0837 5.86503
4.3739 21.4475 13.9823 5.99799
4.9857 22.4579 14.8993 6.15186
5.6935 23.4972 15.8381 6.3136
6.3769 24.4797 16.7477 6.45826
7.156 25.4887 17.6859 6.5956
7.8863 26.4845 18.6237 6.71485
8.671 27.4995 19.5672 6.85471
9.4724 28.4918 20.5027 6.98895
10.2596 29.501 21.447 7.10873
11.0898 30.5143 22.3965 7.2085
11.9216 31.4972 23.3509 7.31764
12.7865 32.4891 24.3051 7.40635
13.6294 33.4884 25.2636 7.48808
14.5124 34.5053 26.2264 7.64109
15.3574 35.5111 27.187 7.75511
16.2192 36.5156 28.1519 7.83094
17.096 37.4921 29.1114 7.93448
17.9474 38.4796 30.0866 8.00683
18.8247 39.4825 31.0475 8.09926
19.7394 40.5038 32.0242 8.17125
20.6777 41.5026 32.9994 8.24715
21.5555 42.5224 33.9765 8.36901
22.4151 43.4978 34.9393 8.46118
23.3532 44.513 35.926 8.55341
24.3092 45.5118 36.8997 8.61244
25.239 46.5169 37.8792 8.70673
26.1619 47.4909 38.8331 8.77159
27.1213 48.4982 39.8283 8.85658
28.0654 49.4903 40.8135 8.91829
28.9812 50.4622 41.7856 9.00586
29.9451 51.4465 42.7618 9.09903
30.8944 52.4373 43.7546 9.11336
31.8233 53.4131 44.7358 9.18161
32.815 54.4179 45.7272 9.24413
33.8236 55.3892 46.7157 9.32613
34.7526 56.378 47.6919 9.37692
35.695 57.3725 48.6861 9.41611
36.6661 58.3477 49.6766 9.42604
37.6251 59.3527 50.6595 9.46263
38.603 60.3333 51.6436 9.513
39.5503 61.3296 52.6258 9.5794
40.5523 62.3386 53.6187 9.65296
41.5214 63.326 54.6059 9.69258
42.4676 64.3245 55.5891 9.77351
43.419 65.3047 56.5693 9.82359
44.4505 66.3134 57.562 9.91392
45.4479 67.3208 58.5536 10.0043
46.3562 68.3304 59.5497 10.0664
47.3261 69.3085 60.5312 10.1183
48.3861 70.3198 61.5356 10.1375
49.373 71.3615 62.5223 10.2039
50.3333 72.3408 63.4938 10.2303
51.3326 73.3374 64.4963 10.2997
52.3013 74.3059 65.4829 10.3259
53.3311 75.3048 66.4749 10.3599
54.3572 76.3006 67.4566 10.4347
55.3785 77.295 68.4476 10.4762
56.3523 78.2621 69.4195 10.546
57.3207 79.2517 70.4062 10.6074
58.2765 80.2291 71.3868 10.6635
59.2678 81.2234 72.3771 10.7526
60.1852 82.2201 73.3582 10.7991
61.1725 83.2204 74.3528 10.8151
62.0989 84.1984 75.3364 10.8061
63.0838 85.1888 76.3366 10.8656
64.0909 86.1475 77.3198 10.8472
65.0539 87.1604 78.3251 10.855
66.0504 88.1513 79.3401 10.9599
66.9609 89.1726 80.3277 11.0428
67.9605 90.1534 81.3142 11.0978
68.952 91.1552 82.3081 11.1649
69.9391 92.1251 83.2904 11.2173
70.9124 93.1134 84.289 11.2383
71.87 94.1169 85.2817 11.2931
72.8718 95.1019 86.2621 11.3427
73.8941 96.1057 87.2598 11.3896
74.9248 97.1106 88.2607 11.4161
75.92 98.1057 89.2389 11.4591
76.9192 99.0831 90.2239 11.4459
77.8992 100.08 91.2057 11.494
78.8745 101.084 92.2036 11.5543
79.885 102.076 93.2081 11.5517
