0 0 0 0
0 0.4918 0.000947 0.0331625
0 1.9485 0.0056368 0.0958063
0 2.5939 0.0103466 0.145945
0 2.9252 0.0150598 0.174924
0 3.1174 0.0197891 0.198873
0 3.2649 0.0245692 0.220182
0 3.3689 0.0293774 0.239511
0 3.4581 0.0341289 0.264329
0 3.5315 0.0389288 0.287378
0 3.6043 0.0436851 0.300018
0 3.6621 0.0484581 0.321686
0 3.7288 0.0532224 0.33012
0 3.7869 0.0580021 0.340991
0 3.8459 0.0628073 0.36619
0 3.8986 0.067614 0.380459
0 3.9592 0.0724999 0.396036
0 4.0138 0.077315 0.419311
0 4.0671 0.0821714 0.432178
0 4.1203 0.0871126 0.44851
0 4.1686 0.0920007 0.4583
0 4.227 0.096899 0.473286
0 4.2769 0.101809 0.484248
0 4.3236 0.106731 0.499645
0 4.3746 0.11166 0.513917
0 4.4255 0.11648 0.527085
0 4.4714 0.121442 0.540517
0 4.5147 0.126346 0.549865
0 4.5584 0.131162 0.560902
0 4.606 0.136118 0.572271
0 4.6537 0.140995 0.581632
0 4.6935 0.14583 0.597237
0 4.736 0.150724 0.609541
0 4.7817 0.155665 0.615986
0 4.8243 0.160665 0.625384
0 4.8589 0.165593 0.634242
0 4.9095 0.170599 0.64144
0 4.9531 0.175536 0.65017
0 4.995 0.180578 0.660847
0 5.0384 0.185617 0.67265
0 5.0814 0.190635 0.682302
0 5.12 0.19561 0.689591
0 5.1581 0.200567 0.696351
0 5.2006 0.205524 0.704018
0 5.2428 0.210516 0.710435
0 5.2827 0.215542 0.717827
0 5.3265 0.220586 0.72947
0 5.3622 0.225571 0.736057
0 5.4063 0.230621 0.742169
0 5.441 0.235608 0.747796
0 5.4782 0.240564 0.75542
0 5.5187 0.245616 0.7655
0 5.5566 0.250662 0.771848
0 5.5997 0.255812 0.775909
0 5.6314 0.26091 0.783627
0 5.6687 0.265963 0.788122
0 5.7057 0.271131 0.798783
0 5.7406 0.276228 0.803513
0 5.7788 0.281342 0.809719
0 5.8131 0.286476 0.815978
0 5.8457 0.291543 0.822463
0 5.8812 0.296678 0.82861
0 5.9176 0.301866 0.84092
0 5.9514 0.306997 0.848504
0 5.9882 0.312207 0.855464
0 6.0227 0.317431 0.868449
0 6.0531 0.322606 0.874192
0 6.0849 0.327715 0.880043
0 6.1163 0.333003 0.885026
0 6.148 0.338175 0.892139
0 6.1822 0.343306 0.899988
0 6.2125 0.348511 0.906323
0 6.2421 0.353797 0.913288
0 6.2691 0.358989 0.920581
0 6.3026 0.364206 0.927565
0 6.3344 0.369425 0.936525
0 6.3649 0.374646 0.9399
0 6.3956 0.37985 0.943957
0 6.4249 0.385145 0.949405
0 6.4495 0.390392 0.954265
0 6.4776 0.395626 0.959107
0 6.5056 0.400916 0.966302
0 6.536 0.406183 0.971257
0 6.5692 0.411524 0.977593
0 6.5984 0.416855 0.990524
0 6.6317 0.422198 0.998331
0 6.6576 0.427478 1.00226
0 6.691 0.432762 1.00912
0 6.7196 0.43809 1.01396
0 6.7473 0.443328 1.02602
0 6.7765 0.448644 1.03307
0 6.8044 0.454048 1.03754
0 6.8334 0.459376 1.04209
0 6.8639 0.464744 1.05011
0 6.8915 0.470007 1.05993
0 6.9151 0.475372 1.06756
0 6.9408 0.480758 1.07088
0 6.9686 0.486157 1.07547
0 6.9963 0.491478 1.07882
0 7.0238 0.496864 1.0842
0 7.0509 0.502272 1.09996
0 7.0753 0.507614 1.10525
0 7.102 0.513031 1.10941
0 7.1305 0.518417 1.11676
0 7.1542 0.523856 1.12563
0 7.1817 0.529266 1.13034
0 7.2068 0.534603 1.13615
0 7.2321 0.540014 1.14348
0 7.257 0.545433 1.14984
0 7.2853 0.550881 1.15283
0 7.3089 0.556356 1.16233
0 7.3343 0.561823 1.17295
0 7.3577 0.567353 1.17629
0 7.3864 0.572774 1.18097
0 7.41 0.578254 1.18961
0 7.4363 0.583744 1.19624
0 7.4628 0.589349 1.20133
0 7.4844 0.594873 1.20491
0 7.5094 0.600418 1.20831
0 7.5332 0.605996 1.21802
0 7.5555 0.611463 1.22397
0 7.5826 0.616907 1.22699
0 7.6049 0.622453 1.23426
0 7.6306 0.62791 1.24044
0 7.6556 0.633384 1.24469
0 7.6854 0.638986 1.24807
0 7.7089 0.644565 1.25043
0 7.7341 0.650106 1.2592
0 7.7584 0.655645 1.26478
0 7.7822 0.661102 1.26967
0 7.8083 0.66663 1.27308
0 7.8326 0.672237 1.27681
0 7.8577 0.677867 1.27941
0 7.8795 0.683457 1.28583
0 7.9031 0.689104 1.2925
0 7.93 0.694702 1.29684
0 7.9547 0.700284 1.30316
0 7.9781 0.705914 1.30968
0 8.0011 0.711533 1.31588
0 8.0253 0.717102 1.32257
0 8.0502 0.722656 1.32393
0 8.0751 0.728234 1.32934
0 8.0966 0.73389 1.33829
0 8.1202 0.739525 1.34543
0 8.1418 0.745079 1.35575
0 8.1683 0.750706 1.36124
0 8.1935 0.75628 1.37075
0 8.214 0.761941 1.37772
0 8.2391 0.767602 1.38204
0 8.2605 0.773291 1.38748
0 8.2837 0.778931 1.3928
0 8.3077 0.784727 1.3964
0 8.3298 0.790417 1.4025
0 8.3535 0.796018 1.40744
0 8.3795 0.801747 1.41527
0 8.4031 0.807476 1.41933
0 8.4258 0.813093 1.42473
0 8.4514 0.818854 1.42926
0 8.4717 0.824466 1.43306
0 8.4941 0.830236 1.4355
0 8.5175 0.835889 1.43987
0 8.5434 0.841662 1.44672
0 8.5625 0.847296 1.4515
0 8.5839 0.853013 1.45633
0 8.6042 0.858715 1.46147
0 8.6288 0.864621 1.46746
0 8.6484 0.870376 1.46877
0 8.6731 0.876084 1.47449
0 8.6956 0.881836 1.4795
0 8.7156 0.887539 1.48451
0 8.7374 0.893385 1.48777
0 8.7548 0.89916 1.49834
0 8.7773 0.904919 1.5057
0 8.7988 0.910584 1.50961
0 8.8208 0.916365 1.51253
0 8.8433 0.9222 1.51892
0 8.8663 0.928028 1.52443
0 8.8894 0.933845 1.53064
0 8.9109 0.939744 1.53832
0 8.934 0.945584 1.54345
0 8.9601 0.951425 1.54617
0 8.9814 0.95717 1.55333
0 9.0037 0.963088 1.55675
0 9.0244 0.968926 1.55958
0 9.0439 0.974722 1.5622
0 9.067 0.98065 1.56765
0 9.0858 0.986545 1.57398
0 9.1064 0.992439 1.58096
0 9.1228 0.998296 1.58729
0 9.1474 1.0042 1.59064
0 9.1681 1.01007 1.59403
0 9.1909 1.01595 1.59832
0 9.2108 1.02188 1.60611
0 9.2308 1.02782 1.60884
0 9.2531 1.03375 1.61422
0 9.2723 1.03972 1.62172
0 9.2945 1.0456 1.62481
0 9.3172 1.05166 1.63004
0 9.3394 1.05765 1.63472
0 9.3594 1.06367 1.63799
0 9.384 1.06959 1.64294
0 9.4054 1.0755 1.64855
0 9.4253 1.08143 1.654
0 9.4429 1.08737 1.65823
0 9.4648 1.09338 1.66352
0 9.4849 1.09942 1.66741
0 9.505 1.10551 1.67324
0 9.5262 1.11153 1.68072
0 9.5468 1.11758 1.68735
0 9.5709 1.12351 1.69411
0 9.5892 1.12951 1.69697
0 9.6089 1.13543 1.7006
0 9.629 1.14153 1.70603
0 9.6505 1.14764 1.71402
0 9.6723 1.15369 1.71723
0 9.691 1.15973 1.72149
0 9.7119 1.16578 1.72732
0 9.7341 1.17173 1.73148
0 9.7557 1.17779 1.73397
0 9.7759 1.18379 1.74125
0 9.8009 1.1898 1.74588
0 9.8221 1.19588 1.75073
0 9.8411 1.20192 1.75443
0 9.8621 1.20801 1.76124
0 9.8818 1.21414 1.76789
0 9.8988 1.2202 1.77437
0 9.9239 1.22633 1.7799
0 9.9453 1.2323 1.78377
0 9.9631 1.23836 1.78883
0 9.9818 1.24432 1.79705
0 9.9985 1.25036 1.80192
0 10.0156 1.25638 1.8057
0 10.0358 1.26243 1.81179
0 10.0572 1.26859 1.8172
0 10.0794 1.27482 1.82099
0 10.0992 1.28089 1.82559
0 10.117 1.28701 1.82975
0 10.138 1.2931 1.83383
0 10.16 1.29924 1.83974
0 10.1829 1.30541 1.84174
0 10.2013 1.31161 1.8477
0 10.221 1.31779 1.85479
0 10.2404 1.32393 1.85975
0 10.261 1.33019 1.86661
0 10.28 1.33634 1.86873
0 10.2999 1.34248 1.87222
0 10.3203 1.3486 1.87565
0 10.3415 1.3548 1.88007
0 10.362 1.36099 1.88412
0 10.3796 1.36716 1.88973
0 10.4 1.3733 1.89339
0 10.4204 1.37937 1.89821
0 10.4386 1.38565 1.90288
0 10.4561 1.39181 1.9049
0 10.4731 1.39805 1.91171
0 10.4913 1.4043 1.91972
0 10.5077 1.41045 1.92656
0 10.5272 1.41657 1.933
0 10.5476 1.42278 1.93757
0 10.5671 1.42905 1.94214
0 10.5889 1.43526 1.94594
0 10.6064 1.44154 1.95103
0 10.6249 1.44774 1.95519
0 10.6423 1.45392 1.95931
0 10.6624 1.46017 1.96241
0 10.6813 1.46643 1.9701
0 10.7002 1.47257 1.97317
0 10.7197 1.47884 1.97449
0 10.7394 1.48501 1.97784
0 10.7623 1.49121 1.98245
0 10.7805 1.49757 1.98749
0 10.7996 1.50389 1.99418
0 10.8176 1.51009 1.99898
0 10.8414 1.51649 2.00439
0 10.8596 1.52265 2.00828
0 10.8813 1.529 2.01595
0 10.9006 1.53531 2.02066
0 10.9222 1.54167 2.02956
0 10.9424 1.54799 2.03415
0 10.9602 1.55435 2.03911
0 10.9737 1.5606 2.04238
0 10.9937 1.56692 2.04803
0 11.0162 1.57325 2.05337
0 11.0377 1.57962 2.05792
0 11.0568 1.58605 2.06462
0 11.0772 1.59242 2.07025
0 11.0966 1.59861 2.07425
0 11.1144 1.60494 2.07741
0 11.1321 1.61128 2.0797
0 11.1517 1.61756 2.08345
0 11.1678 1.62388 2.09071
0 11.1862 1.63015 2.09465
0 11.2105 1.63653 2.09782
0 11.23 1.64288 2.10135
0 11.2452 1.64912 2.10602
0 11.2632 1.65545 2.10814
0 11.282 1.66191 2.11136
0 11.3027 1.66832 2.11568
0 11.3192 1.67473 2.12022
0 11.3378 1.68113 2.13149
0 11.3552 1.68747 2.13609
0 11.3714 1.69375 2.13698
0 11.3917 1.7002 2.14168
0 11.4067 1.70655 2.14544
0 11.4232 1.71304 2.14911
0 11.4444 1.71949 2.15277
0 11.4583 1.72583 2.15625
0 11.474 1.73218 2.1624
0 11.4929 1.73859 2.16842
0 11.5129 1.74511 2.17043
0 11.5299 1.75154 2.1744
0 11.5456 1.75797 2.17728
0 11.5629 1.76444 2.18341
0 11.581 1.77084 2.18646
0 11.5963 1.77733 2.18935
0 11.6151 1.78381 2.19416
0 11.6356 1.7904 2.19931
0 11.6502 1.79676 2.20195
0 11.6691 1.80339 2.20659
0 11.6881 1.80986 2.20854
0 11.707 1.81631 2.21027
0 11.7251 1.82288 2.21402
0 11.7399 1.82939 2.21985
0 11.7593 1.8359 2.22396
0 11.7759 1.84226 2.23326
0 11.7949 1.84872 2.23643
0 11.8163 1.8553 2.24328
0 11.8332 1.86175 2.24655
0 11.8478 1.86828 2.25039
0 11.8641 1.87484 2.25802
0 11.8852 1.88132 2.26182
0 11.9032 1.88785 2.26315
0 11.9187 1.89445 2.265
0 11.9343 1.90098 2.26921
0 11.954 1.90737 2.27611
0 11.9705 1.91389 2.28024
0 11.991 1.92047 2.28473
0 12.0107 1.92706 2.28831
0 12.0311 1.9337 2.2933
0 12.051 1.94028 2.29728
0 12.0691 1.94687 2.29784
0 12.0874 1.9533 2.30198
0 12.1068 1.95979 2.30237
0 12.1272 1.96629 2.30768
0 12.1473 1.97294 2.31151
0 12.1627 1.97958 2.31661
0 12.1773 1.98624 2.31747
0 12.1934 1.99288 2.32106
0 12.2104 1.9995 2.32396
0 12.2268 2.00607 2.32685
0 12.2453 2.01271 2.33298
0 12.2632 2.01924 2.33551
0 12.2827 2.02595 2.33899
0 12.301 2.03262 2.34372
0 12.3186 2.03922 2.34663
0 12.3408 2.0459 2.34985
0 12.3601 2.05243 2.35395
0 12.3775 2.05901 2.35977
0 12.3935 2.06561 2.36107
0 12.4106 2.07218 2.36822
0 12.4297 2.07882 2.3723
0 12.4497 2.08555 2.37487
0 12.4679 2.09229 2.37989
0 12.4853 2.09905 2.38263
0 12.4984 2.1057 2.38441
0 12.5152 2.11236 2.39176
0 12.533 2.11903 2.39643
0 12.5518 2.12551 2.39937
0 12.5681 2.13209 2.40216
0 12.583 2.1388 2.40435
0 12.6009 2.1454 2.40802
0 12.6201 2.15214 2.41337
0 12.6387 2.15885 2.41959
0 12.656 2.16551 2.42166
0 12.674 2.17227 2.42652
0 12.6916 2.17898 2.43304
0 12.7087 2.18563 2.43624
0 12.726 2.19232 2.44008
0 12.7419 2.19902 2.44659
0 12.7606 2.20572 2.45016
0 12.7797 2.21248 2.45321
0 12.7946 2.21925 2.45738
0 12.8126 2.22599 2.46095
0 12.8308 2.2326 2.46331
0 12.847 2.23921 2.46914
0 12.8638 2.24599 2.47167
0 12.8809 2.2528 2.4751
0 12.8974 2.25948 2.47725
0 12.9162 2.26615 2.48005
0 12.9309 2.2729 2.48129
0 12.9474 2.27959 2.48333
0 12.962 2.2863 2.48887
0 12.9802 2.29307 2.49293
0 12.9953 2.29971 2.49778
0 13.0115 2.30645 2.50309
0 13.0269 2.31324 2.50664
0 13.0419 2.32009 2.51111
0 13.0582 2.32682 2.51468
0 13.0746 2.33346 2.51552
0 13.0919 2.34025 2.518
0 13.1123 2.34696 2.52094
0 13.1279 2.35369 2.52738
0 13.1452 2.36047 2.53121
0 13.1625 2.36725 2.53347
0 13.181 2.37404 2.53847
0 13.1967 2.38076 2.54481
0 13.213 2.38758 2.54826
0 13.2311 2.39427 2.55246
0 13.2473 2.401 2.55567
0 13.2636 2.40779 2.56151
0 13.2802 2.41467 2.56388
0 13.2975 2.42157 2.5683
0 13.3156 2.42834 2.57199
0 13.3344 2.43509 2.57517
0 13.3509 2.4419 2.5792
0 13.3689 2.44874 2.5851
0 13.3861 2.45561 2.58842
0 13.4022 2.46236 2.59075
0 13.4216 2.46921 2.59742
0 13.4358 2.47594 2.6016
0 13.4523 2.48284 2.60321
0 13.467 2.48968 2.60476
0 13.4843 2.49641 2.60763
0 13.5033 2.50322 2.61164
0 13.5214 2.51003 2.61611
0 13.5412 2.51692 2.61999
0 13.5584 2.52378 2.62557
0 13.5748 2.53063 2.6303
0 13.5922 2.53743 2.6361
0 13.6099 2.54425 2.64278
0 13.629 2.55117 2.6497
0 13.6434 2.55798 2.65673
0 13.6606 2.56489 2.66134
0 13.6769 2.57175 2.66703
0 13.6935 2.57868 2.67109
0 13.7093 2.5856 2.67382
0 13.7243 2.59255 2.67627
0 13.741 2.59957 2.67896
0 13.7578 2.60644 2.68302
0 13.7739 2.61347 2.68701
0 13.7918 2.62055 2.69258
0 13.8058 2.62745 2.69492
0 13.8201 2.63437 2.70039
0 13.8386 2.64132 2.70627
0 13.8568 2.64824 2.70906
0 13.8717 2.65509 2.71424
0 13.8867 2.66203 2.72083
0 13.9023 2.66888 2.72422
0 13.9236 2.67579 2.72726
0 13.9394 2.68269 2.73134
0 13.9586 2.68965 2.73716
0 13.9745 2.6966 2.74024
0 13.9907 2.70359 2.74438
0 14.0095 2.71067 2.74916
0 14.0246 2.71764 2.75474
0 14.0404 2.72465 2.76259
0 14.0571 2.73162 2.76477
0 14.0752 2.73864 2.77039
0 14.0887 2.74555 2.77496
0 14.1063 2.75245 2.77834
0 14.1239 2.75952 2.78147
0 14.1402 2.76655 2.78318
0 14.1552 2.77353 2.78519
0 14.1669 2.78046 2.78902
0 14.1816 2.78747 2.79306
0 14.1988 2.79449 2.7998
0 14.2153 2.80139 2.80067
0 14.2335 2.8084 2.80211
0 14.2516 2.81531 2.80544
0 14.2646 2.82242 2.80801
0 14.2801 2.82941 2.81375
0 14.2982 2.83654 2.81769
0 14.3157 2.84345 2.82431
0 14.3326 2.85047 2.82918
0 14.3475 2.85756 2.83364
0 14.3641 2.86462 2.83563
0 14.3828 2.87181 2.83762
0 14.398 2.87892 2.84232
0 14.4163 2.88586 2.84456
0 14.43 2.89289 2.84817
0 14.4434 2.89982 2.85001
0 14.4588 2.90698 2.85322
0 14.4756 2.91384 2.85625
0 14.4919 2.92083 2.85753
0 14.5086 2.92798 2.8582
0 14.5254 2.93504 2.86182
0 14.54 2.94223 2.86401
0 14.5548 2.94923 2.8671
0 14.5704 2.95629 2.86933
0 14.5861 2.96333 2.87414
0 14.6051 2.97047 2.87714
0 14.6196 2.97755 2.8799
0 14.6345 2.9846 2.88402
0 14.6491 2.99175 2.88601
0 14.6642 2.99874 2.89212
0 14.6778 3.00574 2.89489
0 14.6926 3.01285 2.89759
0 14.7082 3.01997 2.89996
0 14.7274 3.02706 2.90281
0 14.7441 3.03412 2.90567
0 14.7591 3.04123 2.91132
0 14.7769 3.04831 2.91703
0 14.7939 3.05547 2.92181
0 14.8122 3.06257 2.92378
0 14.8282 3.06964 2.92612
0 14.8436 3.07673 2.9274
0 14.8587 3.0839 2.93416
0 14.8758 3.09107 2.93631
0 14.8907 3.09815 2.93868
0 14.9076 3.10525 2.94372
0 14.9244 3.1124 2.94709
0 14.9398 3.11952 2.94943
0 14.9565 3.12669 2.95206
0 14.9743 3.13388 2.95917
0 14.99 3.14107 2.96189
0 15.007 3.14831 2.96544
0 15.0223 3.15546 2.96919
0 15.037 3.16268 2.97173
0 15.054 3.16979 2.97686
0 15.0704 3.1768 2.97841
0 15.0872 3.18389 2.98081
0 15.1029 3.19108 2.98367
0 15.117 3.19822 2.98681
0 15.1331 3.20539 2.992
0 15.15 3.21275 2.99505
0 15.1681 3.22012 2.99959
0 15.1832 3.22719 3.00134
0 15.1982 3.23443 3.00477
0 15.2104 3.24166 3.0085
0 15.2267 3.24898 3.01108
0 15.2414 3.2561 3.01452
0 15.2615 3.26318 3.01659
0 15.2812 3.2703 3.01937
0 15.2988 3.27748 3.02248
0 15.3115 3.28454 3.02608
0 15.3294 3.29178 3.03144
0 15.3469 3.29905 3.03322
0 15.3617 3.30621 3.03647
0 15.3762 3.31343 3.03959
0 15.3903 3.3205 3.04081
0 15.4052 3.32778 3.04584
0 15.4215 3.33513 3.05053
0 15.4411 3.34228 3.05286
0 15.456 3.34938 3.0563
0 15.4719 3.35656 3.05776
0 15.4868 3.36378 3.06289
0 15.5021 3.37083 3.06895
0 15.5202 3.37812 3.07199
0 15.5374 3.3855 3.07612
0 15.5546 3.39272 3.07896
0 15.5706 3.40006 3.08108
0 15.5864 3.40729 3.08742
0 15.6012 3.41449 3.08902
0 15.6174 3.42175 3.09227
0 15.6335 3.42888 3.09641
0 15.6487 3.43607 3.09788
0 15.6644 3.44338 3.10692
0 15.6794 3.45062 3.11061
0 15.6992 3.458 3.11265
0 15.7144 3.46531 3.11475
0 15.7301 3.47269 3.11777
0 15.7451 3.48012 3.11949
0 15.7587 3.48735 3.12231
0 15.774 3.49471 3.13096
0 15.7899 3.50199 3.13397
0 15.8072 3.50931 3.1375
0 15.8232 3.51674 3.14034
0 15.8393 3.52401 3.1419
0 15.8535 3.53148 3.14871
0 15.8682 3.53878 3.15361
0 15.8848 3.54616 3.15657
0 15.9027 3.55346 3.15865
0 15.9199 3.5608 3.16145
0 15.9371 3.56812 3.16381
0 15.9546 3.57531 3.16542
0 15.972 3.5826 3.16624
0 15.9868 3.58991 3.16692
0 15.9989 3.59718 3.16954
0 16.0153 3.60449 3.17199
0 16.0285 3.6118 3.17339
0 16.0432 3.61923 3.17639
0 16.059 3.62656 3.17761
0 16.0767 3.63397 3.18304
0 16.093 3.64152 3.18939
0 16.1113 3.64881 3.19103
0 16.1286 3.65621 3.1934
0 16.1454 3.6635 3.2003
0 16.1585 3.67079 3.2066
0 16.1756 3.67818 3.20731
0 16.1899 3.68553 3.20998
0 16.2064 3.693 3.2114
0 16.2183 3.7003 3.21362
0 16.2378 3.70756 3.21748
0 16.2535 3.71482 3.21951
0 16.2712 3.72225 3.22416
0 16.2919 3.72971 3.22734
0 16.3106 3.73709 3.23152
0 16.3223 3.74446 3.23341
0 16.3386 3.75189 3.23734
0 16.3564 3.7592 3.24223
0 16.3706 3.7665 3.24381
0 16.3836 3.77375 3.24626
0 16.3987 3.78099 3.24882
0 16.4137 3.78834 3.25463
0 16.43 3.79567 3.25432
0 16.4475 3.80308 3.25909
0 16.4622 3.81052 3.26104
0 16.4771 3.81801 3.26349
0 16.4918 3.82543 3.26475
0 16.5098 3.83287 3.26699
0 16.5257 3.84025 3.26859
0 16.5432 3.84769 3.27285
0 16.5606 3.8551 3.27417
0 16.5779 3.86244 3.27626
0 16.5925 3.86991 3.27916
0 16.6087 3.87738 3.28212
0 16.6283 3.88482 3.28504
0 16.6426 3.89223 3.28716
0 16.6597 3.89961 3.28883
0 16.6754 3.90692 3.29173
0 16.6893 3.91435 3.29452
0 16.7076 3.92172 3.2949
0 16.7242 3.92929 3.30318
0 16.7402 3.93667 3.30373
0 16.7564 3.94412 3.30767
0 16.7698 3.95169 3.3121
0 16.7859 3.9591 3.31519
0 16.8002 3.96656 3.31823
0 16.8155 3.97395 3.32237
0 16.8343 3.9815 3.32708
0 16.8488 3.98911 3.33265
0 16.8628 3.99665 3.33626
0 16.878 4.00402 3.3408
0 16.8922 4.01149 3.34451
0 16.9059 4.01894 3.35684
0 16.9236 4.02636 3.36076
0 16.9402 4.03396 3.36309
0 16.9592 4.04151 3.36582
0 16.974 4.04894 3.37038
0 16.9901 4.05636 3.37427
0 17.0086 4.06389 3.37875
0 17.0261 4.07138 3.3802
0 17.0422 4.07891 3.38347
0 17.0564 4.0864 3.38712
0 17.0687 4.09387 3.39062
0 17.0856 4.10123 3.39144
0 17.1002 4.1087 3.39559
0 17.1158 4.11639 3.40059
0 17.1306 4.12388 3.40157
0 17.1463 4.13137 3.40396
0 17.1569 4.13883 3.40856
0 17.1756 4.1463 3.41326
0 17.1915 4.15385 3.41623
0 17.2024 4.16139 3.41874
0 17.2164 4.16884 3.42246
0 17.233 4.17649 3.42506
0 17.2464 4.18406 3.42582
0 17.2612 4.19156 3.42772
0 17.2771 4.19913 3.43315
0 17.2933 4.20675 3.43748
0 17.307 4.21427 3.44287
0 17.3216 4.22169 3.44773
0 17.3366 4.22935 3.454
0 17.3562 4.2369 3.45825
0 17.37 4.24436 3.46266
0 17.3853 4.25191 3.46861
0 17.3988 4.25942 3.471
0 17.4147 4.26697 3.47329
0 17.4293 4.27448 3.47561
0 17.4415 4.282 3.47939
0 17.4559 4.28953 3.48173
0 17.4683 4.29714 3.48397
0 17.4856 4.30484 3.48741
0 17.5023 4.31227 3.48749
0 17.5172 4.3198 3.48965
0 17.5341 4.32751 3.49159
0 17.5489 4.33508 3.49429
0 17.5636 4.34266 3.49824
0 17.5781 4.35023 3.50357
0 17.5934 4.35781 3.50926
0 17.6105 4.36544 3.5158
0 17.6284 4.37305 3.51837
0 17.6431 4.38069 3.52051
0 17.6593 4.38829 3.52603
0 17.6714 4.39588 3.52976
0 17.687 4.40338 3.53124
0 17.7035 4.41087 3.53738
0 17.7159 4.41843 3.54357
0 17.7324 4.42623 3.54558
0 17.7475 4.43385 3.54886
0 17.7632 4.44138 3.55042
0 17.7753 4.44886 3.55339
0 17.7901 4.45638 3.55669
0 17.805 4.46403 3.5585
0 17.8205 4.47164 3.5647
0 17.8372 4.47916 3.57285
0 17.8491 4.48674 3.57544
0 17.8639 4.49439 3.57918
0 17.8784 4.50187 3.58246
0 17.8895 4.50945 3.58297
0 17.9084 4.51705 3.58687
0 17.922 4.52452 3.59167
0 17.9364 4.53197 3.59292
0 17.9487 4.53952 3.59486
0 17.9641 4.54704 3.59804
0 17.9784 4.55452 3.59844
0 17.9935 4.56228 3.60272
0 18.0054 4.56995 3.6058
0 18.0179 4.57756 3.60804
0 18.0324 4.58526 3.61693
0 18.0481 4.59284 3.61727
0 18.0644 4.6005 3.62049
0 18.0763 4.60827 3.6224
0 18.0908 4.61588 3.62613
0 18.1059 4.62349 3.6283
0 18.1212 4.63124 3.63218
0 18.136 4.6389 3.63602
0 18.1527 4.64654 3.63766
0 18.1675 4.65429 3.64104
0 18.1821 4.66191 3.6444
0 18.196 4.66961 3.64642
0 18.2128 4.67719 3.65048
0 18.2277 4.68492 3.65269
0 18.2446 4.6924 3.65356
0 18.2607 4.70003 3.65654
0 18.2749 4.7078 3.66001
0 18.2909 4.71544 3.66344
0 18.3058 4.72322 3.67065
0 18.3199 4.73091 3.67576
0 18.3362 4.73855 3.68205
0 18.3487 4.74625 3.68786
0 18.3639 4.75393 3.69323
0 18.3791 4.76164 3.69795
0 18.394 4.76938 3.69935
0 18.4088 4.77697 3.70267
0 18.4264 4.78475 3.70539
0 18.4439 4.79257 3.70679
0 18.4618 4.80042 3.70785
0 18.4783 4.80809 3.70755
0 18.4914 4.81592 3.71121
0 18.5064 4.82372 3.71438
0 18.521 4.83159 3.71604
0 18.5358 4.83927 3.71838
0 18.549 4.84702 3.72241
0 18.5645 4.85474 3.72614
0 18.5794 4.86252 3.72711
0 18.5964 4.87027 3.72999
0 18.6137 4.87792 3.7331
0 18.6291 4.88569 3.73914
0 18.6445 4.89332 3.73981
0 18.6605 4.9012 3.7468
0 18.6715 4.90883 3.74731
0 18.6873 4.91673 3.75291
0 18.7024 4.92462 3.75657
0 18.7148 4.93235 3.75865
0 18.7308 4.94013 3.76453
0 18.748 4.94787 3.76836
0 18.7633 4.95562 3.77098
0 18.7787 4.96343 3.77385
0 18.7938 4.97129 3.77463
0 18.8104 4.97913 3.7782
0 18.8263 4.98687 3.77948
0 18.8402 4.99461 3.78085
0 18.8552 5.00234 3.78373
0 18.871 5.01024 3.78479
0 18.8835 5.01791 3.78733
0 18.8962 5.02562 3.79005
0 18.9116 5.03338 3.79284
0 18.9283 5.04122 3.79686
0 18.9431 5.04896 3.80031
0 18.9556 5.05689 3.80475
0 18.9681 5.06468 3.80769
0 18.9815 5.07243 3.81033
0 18.9947 5.08021 3.8142
0 19.0082 5.08797 3.81696
0 19.0241 5.09564 3.82024
0 19.0341 5.10335 3.82165
0 19.047 5.11103 3.82555
0 19.06 5.11891 3.82842
0 19.0734 5.1266 3.8311
0 19.0881 5.13431 3.8331
0 19.1041 5.14212 3.83647
0 19.1177 5.14987 3.83869
0 19.1314 5.1577 3.8432
0 19.1448 5.16545 3.84596
0 19.1635 5.17335 3.85369
0 19.181 5.18109 3.85923
0 19.1954 5.18901 3.86485
0 19.2118 5.19675 3.86839
0 19.2259 5.20463 3.87519
0 19.2408 5.21241 3.87758
0 19.2529 5.22007 3.87918
0 19.2642 5.22791 3.87956
0 19.279 5.23593 3.88245
0 19.2957 5.24376 3.88372
0 19.3159 5.25156 3.88558
0 19.33 5.2593 3.88887
0 19.3448 5.26711 3.89067
0 19.3585 5.27484 3.89473
0 19.3729 5.2828 3.9029
0 19.3869 5.29054 3.90329
0 19.4007 5.29839 3.90391
0 19.4158 5.3063 3.90734
0 19.4278 5.31419 3.91223
0 19.4423 5.32193 3.91728
0 19.4547 5.32966 3.92397
0 19.4703 5.33763 3.92945
0 19.484 5.34556 3.93366
0 19.4984 5.35334 3.93481
0 19.5124 5.36128 3.93715
0 19.5284 5.36907 3.943
0 19.5422 5.37689 3.94535
0 19.5584 5.38477 3.9474
0 19.572 5.39244 3.9477
0 19.5849 5.40031 3.94963
0 19.599 5.40803 3.95328
0 19.6135 5.4159 3.95582
0 19.6283 5.42384 3.9611
0 19.6392 5.43177 3.9624
0 19.6531 5.43956 3.9639
0 19.6667 5.44754 3.96759
0 19.6811 5.45557 3.97285
0 19.7003 5.46348 3.97557
0 19.7169 5.47159 3.97741
0 19.7333 5.47954 3.97866
0 19.7475 5.48749 3.98084
0 19.7601 5.49528 3.98298
0 19.7735 5.50308 3.98467
0 19.7847 5.51096 3.98871
0 19.8001 5.51886 3.99003
0 19.8132 5.52683 3.9924
0 19.8268 5.53478 3.99445
0 19.8403 5.54255 3.99787
0 19.8533 5.55041 4.00287
0 19.8685 5.55838 4.00481
0 19.8818 5.56638 4.00732
0 19.8984 5.57434 4.01033
0 19.9136 5.58229 4.0133
0 19.9304 5.59032 4.01651
0 19.9504 5.59832 4.01768
0 19.9652 5.60623 4.02233
0 19.9774 5.6141 4.02517
0 19.9927 5.62193 4.02704
0 20.005 5.62982 4.03077
0 20.0163 5.63771 4.03595
0 20.0314 5.64572 4.04183
0 20.048 5.6537 4.04199
0 20.0618 5.66172 4.04373
0 20.0739 5.66975 4.04474
0 20.0887 5.67779 4.04836
0 20.1077 5.68571 4.05106
0 20.1212 5.69363 4.0531
0 20.1349 5.70155 4.05639
0 20.1498 5.7094 4.05838
0 20.1651 5.71743 4.06023
0 20.1779 5.72533 4.06769
0 20.1953 5.73324 4.07047
0 20.2104 5.74124 4.07109
0 20.225 5.74921 4.07296
0 20.2416 5.75713 4.07941
0 20.2567 5.765 4.08266
0 20.2736 5.773 4.0853
0 20.2858 5.78104 4.0855
0 20.302 5.78892 4.08772
0 20.3179 5.79687 4.09413
0 20.3309 5.8048 4.09641
0 20.3433 5.8128 4.10085
0 20.3575 5.82083 4.10341
0 20.371 5.82886 4.1061
0 20.3808 5.8368 4.10793
0 20.3967 5.84492 4.10955
0 20.4072 5.85292 4.11202
0 20.4217 5.86094 4.11897
0 20.4359 5.86878 4.12191
0 20.4497 5.87659 4.12546
0 20.4613 5.88444 4.12757
0 20.4776 5.89231 4.13303
0 20.4889 5.90035 4.13646
0 20.5038 5.90846 4.14023
0 20.5182 5.91635 4.14228
0 20.5305 5.92438 4.14452
0 20.5465 5.93228 4.14981
0 20.5612 5.94022 4.15393
0 20.5758 5.94812 4.15817
0 20.5903 5.95608 4.15975
0 20.605 5.96399 4.16443
0 20.6213 5.97199 4.16672
0 20.6365 5.9798 4.16877
0 20.6504 5.98765 4.16991
0 20.6623 5.99564 4.17506
0 20.6757 6.00373 4.176
0 20.6897 6.01179 4.17683
0 20.7068 6.01984 4.17906
0 20.7194 6.02786 4.18211
0 20.7354 6.03595 4.18296
0 20.7494 6.04399 4.18493
0 20.7619 6.05206 4.18577
0 20.7751 6.06006 4.18677
0 20.788 6.06824 4.18946
0 20.8017 6.0762 4.19297
0 20.8157 6.08427 4.19688
0 20.8281 6.09244 4.1987
0 20.8444 6.10045 4.19906
0 20.8589 6.10861 4.20161
0 20.872 6.11669 4.20546
0 20.8887 6.12469 4.20714
0 20.9049 6.13276 4.20664
0 20.9191 6.14072 4.20937
0 20.9317 6.14882 4.2141
0 20.9439 6.15691 4.2177
0 20.957 6.1649 4.22035
0 20.9691 6.17301 4.22165
0 20.9867 6.18099 4.22272
0 21.0015 6.18892 4.22382
0 21.0142 6.197 4.2246
0 21.0258 6.20521 4.22837
0 21.0371 6.21309 4.22883
0 21.0501 6.22117 4.23118
0 21.0629 6.22914 4.23384
0 21.0786 6.2372 4.23587
0 21.0936 6.24526 4.24027
0 21.1105 6.2534 4.24347
0 21.1247 6.26135 4.2459
0 21.1386 6.26942 4.2517
0 21.1533 6.27744 4.25185
0 21.1676 6.28553 4.25512
0 21.182 6.29362 4.25903
0 21.1959 6.30173 4.26132
0 21.2097 6.30979 4.26598
0 21.2257 6.31797 4.26859
0 21.239 6.32611 4.2721
0 21.2492 6.33411 4.2754
0 21.2612 6.34225 4.27746
0 21.2766 6.35028 4.2799
0 21.2941 6.35842 4.28104
0 21.308 6.36652 4.28776
0 21.3244 6.37466 4.28894
0 21.3368 6.38281 4.29257
0 21.3542 6.39097 4.29394
0 21.3696 6.39932 4.29556
0 21.3807 6.40747 4.2979
0 21.3939 6.41548 4.30109
0 21.4072 6.42351 4.30226
0 21.4245 6.43164 4.3065
0 21.439 6.43974 4.30892
0 21.4521 6.44776 4.3112
0 21.4634 6.45574 4.31223
0 21.4784 6.46391 4.31658
0 21.493 6.47189 4.32006
0 21.506 6.47997 4.32229
0 21.5185 6.4881 4.32723
0 21.5329 6.49627 4.33085
0 21.5466 6.50443 4.33464
0 21.559 6.51253 4.33595
0 21.5728 6.52061 4.33704
0 21.5869 6.52862 4.33995
0 21.603 6.53672 4.34295
0 21.6183 6.5451 4.34595
0 21.632 6.55319 4.3482
0 21.6453 6.56114 4.35127
0 21.6612 6.56932 4.35407
0 21.6737 6.57749 4.35446
0 21.6875 6.58557 4.35605
0 21.7036 6.59384 4.35665
0 21.7157 6.60188 4.35752
0 21.7311 6.61021 4.35746
0 21.7444 6.6184 4.36044
0 21.7586 6.62658 4.36031
0 21.7706 6.63477 4.36218
0 21.7854 6.64299 4.36342
0 21.8026 6.65122 4.36622
0 21.8164 6.65936 4.37127
0 21.8291 6.66743 4.37165
0 21.8424 6.67566 4.37667
0 21.8569 6.68376 4.37957
0 21.869 6.69199 4.38043
0 21.8837 6.70009 4.38499
0 21.8988 6.70826 4.38759
0 21.915 6.7164 4.38996
0 21.9288 6.7246 4.3937
0 21.945 6.73278 4.39709
0 21.9576 6.74109 4.39691
0 21.9695 6.74934 4.39523
0 21.9835 6.75758 4.39718
0 21.9957 6.76572 4.39874
0 22.0124 6.77394 4.4004
0 22.0267 6.78209 4.40062
0 22.0391 6.7903 4.40302
0 22.0518 6.79829 4.40456
0 22.0694 6.8063 4.40561
0 22.0863 6.8143 4.40677
0 22.0991 6.82247 4.40865
0 22.1123 6.83063 4.41068
0 22.1225 6.8387 4.41424
0 22.1359 6.84687 4.41882
0 22.1543 6.85491 4.42171
0 22.1675 6.86311 4.42384
0 22.1797 6.87132 4.42801
0 22.1934 6.87959 4.43519
0 22.2105 6.88773 4.43854
0 22.2233 6.89601 4.44226
0 22.2395 6.90427 4.44576
0 22.2527 6.91242 4.44767
0 22.2678 6.92054 4.45067
0 22.2819 6.9289 4.45027
0 22.2949 6.93705 4.45402
0 22.308 6.94505 4.45614
0 22.3218 6.9533 4.45699
0 22.3366 6.96149 4.46077
0 22.3509 6.96977 4.46405
0 22.369 6.97788 4.46464
0 22.3833 6.98595 4.46935
0 22.3992 6.99406 4.47439
0 22.4111 7.00233 4.47795
0 22.425 7.01067 4.47811
0 22.4406 7.01898 4.47934
0 22.4554 7.02721 4.48192
0 22.47 7.03547 4.4857
0 22.4859 7.04375 4.48597
0 22.5012 7.0521 4.48849
0 22.515 7.06032 4.49269
0 22.5304 7.06852 4.49455
0 22.5432 7.07659 4.49627
0 22.5583 7.08493 4.49937
0 22.5708 7.093 4.50054
0 22.5841 7.10122 4.50365
0 22.5964 7.10955 4.5042
0 22.6098 7.11789 4.50483
0 22.6264 7.12604 4.50659
0 22.6393 7.13412 4.50766
0 22.6533 7.14248 4.51045
0 22.6681 7.15067 4.51829
0 22.6826 7.15882 4.51819
0 22.6997 7.16703 4.519
0 22.7133 7.17525 4.51791
0 22.7289 7.18344 4.52114
0 22.7413 7.19174 4.52353
0 22.7548 7.19996 4.52671
0 22.7691 7.20825 4.52842
0 22.7857 7.21642 4.53012
0 22.7982 7.22471 4.53444
0 22.8094 7.23285 4.53823
0 22.8215 7.24108 4.54184
0 22.8346 7.2493 4.54505
0 22.8482 7.25766 4.54488
0 22.8624 7.26591 4.54515
0 22.8791 7.27417 4.5443
0 22.8942 7.2824 4.54607
0 22.9052 7.29058 4.54909
0 22.9204 7.2987 4.55041
0 22.9318 7.30707 4.55466
0 22.946 7.31547 4.55513
0 22.9615 7.32368 4.55773
0 22.9745 7.33193 4.55994
0 22.9897 7.34019 4.56356
0 23.0035 7.34841 4.5644
0 23.0168 7.35659 4.56583
0 23.0296 7.36481 4.57074
0 23.0428 7.37317 4.57333
0 23.0556 7.38133 4.57301
0 23.0687 7.38949 4.57644
0 23.0839 7.39778 4.57709
0 23.0966 7.40586 4.57991
0 23.1119 7.41412 4.58143
0 23.1267 7.42243 4.58271
0 23.1386 7.43076 4.58855
0 23.1556 7.43908 4.59112
0 23.1678 7.44735 4.59351
0 23.1801 7.45557 4.59592
0 23.1962 7.46393 4.59834
0 23.2064 7.47223 4.60325
0 23.2198 7.48047 4.60762
0 23.2339 7.48865 4.61101
0 23.2498 7.49689 4.61274
0 23.2629 7.50517 4.61655
0 23.2742 7.51338 4.61915
0 23.2874 7.52168 4.62297
0 23.2997 7.53007 4.62456
0 23.3137 7.53841 4.62864
0 23.3297 7.54676 4.63064
0 23.3434 7.55507 4.63504
0 23.3555 7.56333 4.63513
0 23.3707 7.57158 4.63784
0 23.3858 7.57993 4.64019
0 23.3974 7.58817 4.64411
0 23.4123 7.59644 4.64824
0 23.4303 7.60485 4.65323
0 23.4431 7.61307 4.65712
0 23.4564 7.62144 4.65637
0 23.4732 7.62972 4.65476
0 23.4865 7.63799 4.65486
0 23.4998 7.64637 4.65569
0 23.5141 7.65458 4.6621
0 23.5257 7.66289 4.66268
0 23.5381 7.67112 4.66411
0 23.553 7.67937 4.66514
0 23.5678 7.6876 4.66546
0 23.58 7.69579 4.66875
0 23.5968 7.70421 4.66874
0 23.6134 7.71269 4.66992
0 23.6291 7.72105 4.67128
0 23.641 7.72929 4.67187
0 23.6558 7.73759 4.67323
0 23.6694 7.74578 4.6755
0 23.6819 7.75432 4.6818
0 23.694 7.76253 4.6828
0 23.7092 7.77101 4.68535
0 23.7203 7.77925 4.68722
0 23.7341 7.7875 4.69081
0 23.7498 7.79581 4.69153
0 23.7641 7.80422 4.696
0 23.7781 7.81259 4.70043
0 23.7936 7.82099 4.70223
0 23.808 7.82934 4.70518
0 23.8238 7.83781 4.70831
0 23.8381 7.84623 4.71223
0 23.8523 7.85452 4.71405
0 23.8673 7.86284 4.71789
0 23.8821 7.87117 4.72143
0 23.8965 7.87958 4.72675
0 23.9123 7.888 4.73015
0 23.9268 7.89641 4.73312
0 23.9424 7.90481 4.73454
0 23.9561 7.91325 4.73709
0 23.9689 7.92148 4.73818
0 23.9837 7.9299 4.74166
0 23.9959 7.93821 4.74398
0 24.0099 7.94658 4.74877
0 24.0255 7.95486 4.74715
0 24.0406 7.96322 4.74688
0 24.0542 7.97161 4.75091
0 24.0698 7.98001 4.75379
0 24.0845 7.98844 4.75602
0 24.0975 7.99681 4.75614
0 24.1116 8.00511 4.75711
0 24.1262 8.01354 4.75856
0 24.1431 8.02202 4.76374
0 24.1576 8.03047 4.76659
0 24.1703 8.03891 4.7675
0 24.1839 8.04725 4.77077
0 24.1949 8.05557 4.77307
0 24.2055 8.06406 4.77708
0 24.2201 8.07258 4.78178
0 24.2326 8.08097 4.78528
0 24.2457 8.08926 4.785
0 24.2618 8.09772 4.78487
0 24.2767 8.10619 4.78847
0 24.2911 8.11483 4.79077
0 24.3044 8.12318 4.79223
0 24.3195 8.13154 4.7949
0 24.3316 8.13989 4.79587
0 24.3481 8.14842 4.7974
0 24.3594 8.15679 4.80093
0 24.3754 8.16528 4.80354
0 24.39 8.17362 4.8059
0 24.4011 8.18202 4.80711
0 24.4143 8.1903 4.81105
0 24.4257 8.1988 4.81536
0 24.4437 8.20724 4.81589
0 24.4577 8.21566 4.81549
0 24.4714 8.22402 4.82183
0 24.4867 8.23254 4.82463
0 24.4987 8.24077 4.83092
0 24.5136 8.24906 4.83488
0 24.524 8.25743 4.83474
0 24.5401 8.26606 4.83852
0 24.5528 8.27426 4.8424
0 24.566 8.2826 4.84285
0 24.576 8.29099 4.84248
0 24.5883 8.29935 4.84405
0 24.6022 8.30775 4.84734
0 24.6158 8.31631 4.84813
0 24.6289 8.32477 4.85017
0 24.6439 8.33332 4.85445
0 24.6567 8.34166 4.85407
0 24.6686 8.34999 4.85342
0 24.6861 8.35832 4.85474
0 24.6991 8.36666 4.85561
0 24.7122 8.37499 4.8559
0 24.7266 8.38339 4.86183
0 24.7425 8.39179 4.86494
0 24.7557 8.40029 4.86742
0 24.7702 8.4086 4.87077
0 24.7842 8.41707 4.8734
0 24.7972 8.42552 4.87301
0 24.8112 8.43385 4.87775
0 24.827 8.44224 4.878
0 24.8403 8.45066 4.88077
0 24.8529 8.45918 4.88238
0 24.8648 8.46752 4.88415
0 24.8816 8.47599 4.88682
0 24.8971 8.48464 4.88701
0 24.9107 8.49297 4.88929
0 24.9255 8.50133 4.89382
0 24.9387 8.5099 4.90089
0 24.9542 8.51848 4.90649
0 24.9712 8.52687 4.90779
0 24.9872 8.5352 4.91013
0 25.001 8.54387 4.91037
0 25.016 8.55227 4.91383
0 25.0288 8.56076 4.91457
0 25.0429 8.56921 4.91411
0 25.0603 8.5777 4.91618
0 25.0739 8.58599 4.91946
0 25.0873 8.59452 4.92107
0 25.1037 8.60284 4.92013
0 25.1198 8.61135 4.92296
0 25.1334 8.61978 4.92427
0 25.1452 8.62824 4.92259
0 25.1591 8.63677 4.9249
0 25.1749 8.64522 4.92899
0 25.1894 8.6537 4.93432
0 25.2034 8.66189 4.93762
0 25.2139 8.6703 4.93941
0 25.2302 8.6788 4.94583
0 25.2457 8.68727 4.94893
0 25.2598 8.69577 4.95074
0 25.2713 8.70416 4.9521
0 25.2828 8.71247 4.95378
0 25.2957 8.72099 4.9567
0 25.3083 8.72938 4.95973
0 25.3208 8.73793 4.96062
0 25.3353 8.74631 4.96109
0 25.35 8.75508 4.96354
0 25.3651 8.76368 4.96399
0 25.3807 8.77219 4.96591
0 25.3935 8.78062 4.96677
0 25.4079 8.78914 4.97275
0 25.4196 8.79773 4.97354
0 25.433 8.80619 4.97256
0 25.4479 8.81473 4.97742
0 25.4608 8.8233 4.97764
0 25.4763 8.83169 4.97971
0 25.4876 8.84019 4.98041
0 25.5007 8.84867 4.98345
0 25.5137 8.85712 4.98668
0 25.5297 8.86576 4.98647
0 25.5425 8.87423 4.9868
0 25.5561 8.88272 4.98986
0 25.5722 8.89126 4.98988
0 25.5844 8.89977 4.99287
0 25.5995 8.90821 4.99321
0 25.6117 8.91666 4.99485
0 25.6251 8.92503 4.99695
0 25.6386 8.93358 5.002
0 25.6517 8.94208 5.00667
0 25.6632 8.95075 5.00551
0 25.6797 8.9593 5.00855
0 25.6936 8.96788 5.00729
0 25.7064 8.97637 5.0097
0 25.7209 8.9851 5.01363
0 25.7347 8.99365 5.01586
0 25.7463 9.00216 5.01877
0 25.7599 9.01079 5.01859
0 25.7735 9.01917 5.02254
0 25.7876 9.02763 5.02433
0 25.7998 9.03617 5.02676
0 25.8119 9.04477 5.02875
0 25.8248 9.05316 5.03251
0 25.8382 9.06152 5.03465
0 25.853 9.07003 5.03591
0 25.8672 9.07859 5.04144
0 25.8838 9.08713 5.04228
0 25.8976 9.09576 5.04398
0 25.9093 9.10416 5.04725
0 25.9235 9.11275 5.048
0 25.9366 9.12128 5.0484
0 25.9495 9.12973 5.05191
0 25.9613 9.13817 5.05145
0 25.9765 9.14681 5.05272
0 25.9902 9.15528 5.05262
0 26.0052 9.16393 5.05162
0 26.0202 9.17257 5.05357
0 26.0342 9.18107 5.05159
0 26.0464 9.18954 5.05075
0 26.0623 9.19819 5.05223
0 26.075 9.20665 5.05456
0 26.0884 9.21517 5.05674
0 26.1025 9.22374 5.05758
0 26.117 9.23241 5.06039
0 26.1317 9.24107 5.0627
0 26.1447 9.24979 5.06334
0 26.1625 9.25827 5.06408
0 26.1738 9.26683 5.06304
0 26.1891 9.27541 5.06475
0 26.2029 9.28404 5.06911
0 26.2141 9.29236 5.07054
0 26.2259 9.30107 5.07272
0 26.2438 9.30966 5.07479
0 26.2566 9.31814 5.07748
0 26.2678 9.32677 5.0802
0 26.2756 9.33561 5.08285
0 26.2895 9.3442 5.08589
0 26.3042 9.35273 5.08852
0 26.316 9.36141 5.0909
0 26.3303 9.37003 5.0905
0 26.3411 9.37841 5.09081
0 26.3525 9.38708 5.08819
0 26.3669 9.39562 5.09417
0 26.3819 9.40424 5.09935
0 26.3951 9.41281 5.1026
0 26.4103 9.42123 5.10024
0 26.4234 9.42983 5.10355
0 26.4345 9.43823 5.10393
0 26.446 9.44704 5.10464
0 26.4586 9.45571 5.10797
0 26.47 9.46438 5.11098
0 26.4818 9.47299 5.11659
0 26.4938 9.48147 5.12385
0 26.5062 9.49018 5.1287
0 26.5216 9.49876 5.13135
0 26.5358 9.5073 5.13284
0 26.5491 9.51584 5.14068
0 26.5663 9.52438 5.14203
0 26.5794 9.53295 5.1441
0 26.5908 9.54157 5.15176
0 26.6052 9.5501 5.15644
0 26.6206 9.55867 5.15672
0 26.637 9.56732 5.16207
0 26.6523 9.57595 5.1614
0 26.6686 9.58461 5.16331
0 26.6812 9.59331 5.1643
0 26.6951 9.60186 5.16604
0 26.7107 9.61045 5.16782
0 26.7188 9.61915 5.16871
0 26.7332 9.6278 5.16901
0 26.7454 9.63637 5.17308
0 26.7582 9.64509 5.17917
0 26.7747 9.65369 5.18234
0 26.7867 9.66233 5.1866
0 26.8021 9.67108 5.18947
0 26.815 9.67976 5.19209
0 26.8301 9.68832 5.19197
0 26.8416 9.69703 5.19406
0 26.8509 9.70573 5.19691
0 26.8637 9.71437 5.19659
0 26.8755 9.72308 5.19786
0 26.8875 9.7316 5.20117
0 26.9011 9.74037 5.20078
0 26.9168 9.74909 5.20317
0 26.9289 9.75763 5.20605
0 26.9413 9.76609 5.20885
0 26.9521 9.77471 5.20796
0 26.9673 9.78347 5.20985
0 26.9805 9.79214 5.21168
0 26.9904 9.8006 5.2118
0 27.0025 9.80924 5.20953
0 27.0164 9.81789 5.21374
0 27.0309 9.82666 5.21896
0 27.0457 9.8352 5.2234
0 27.0596 9.8438 5.22402
0 27.0737 9.85229 5.22459
0 27.0883 9.86105 5.22725
0 27.0996 9.86959 5.23099
0 27.1112 9.87818 5.23082
0 27.1222 9.8869 5.23173
0 27.137 9.89561 5.23208
0 27.1502 9.9042 5.23469
0 27.1623 9.91289 5.23896
0 27.1742 9.92146 5.24253
0 27.187 9.93012 5.24533
0 27.2018 9.93882 5.24766
0 27.2176 9.94755 5.25138
0 27.2309 9.95627 5.25382
0 27.2445 9.96486 5.25438
0 27.2562 9.97333 5.25909
0 27.2683 9.98196 5.26074
0 27.2827 9.99053 5.26435
0 27.2961 9.99927 5.26604
0 27.3081 10.0078 5.27039
0 27.3214 10.0164 5.27125
0 27.3365 10.0252 5.27371
0 27.351 10.0336 5.27581
0 27.367 10.0423 5.2783
0 27.3789 10.0508 5.27949
0 27.3932 10.0594 5.27926
0 27.4095 10.0681 5.28272
0 27.4252 10.0766 5.28603
0 27.4397 10.0853 5.28708
0 27.4541 10.094 5.28823
0 27.4672 10.1028 5.29262
0 27.4793 10.1116 5.29161
0 27.492 10.1204 5.2918
0 27.5044 10.129 5.2916
0 27.5165 10.1376 5.29334
0 27.5286 10.1462 5.29501
0 27.5394 10.155 5.29878
0 27.5532 10.1639 5.29928
0 27.5653 10.1725 5.3004
0 27.5779 10.1811 5.30117
0 27.5916 10.1899 5.29865
0 27.6076 10.1985 5.30195
0 27.6205 10.2071 5.3037
0 27.6345 10.2157 5.30932
0 27.6482 10.2245 5.30832
0 27.6588 10.2332 5.31114
0 27.6712 10.2418 5.31136
0 27.6827 10.2504 5.31323
0 27.6964 10.2591 5.31494
0 27.7094 10.2678 5.31692
0 27.7242 10.2765 5.31827
0 27.7366 10.2852 5.31676
0 27.7506 10.294 5.31791
0 27.7643 10.3027 5.31816
0 27.7773 10.3115 5.32199
0 27.7912 10.3201 5.32413
0 27.8033 10.3288 5.32836
0 27.817 10.3376 5.32948
0 27.8316 10.3464 5.33298
0 27.8473 10.355 5.33362
0 27.8618 10.3637 5.33413
0 27.8767 10.3722 5.33625
0 27.8881 10.381 5.33853
0 27.899 10.3897 5.33772
0 27.9123 10.3984 5.33829
0 27.9274 10.4071 5.3392
0 27.9406 10.4157 5.34197
0 27.9534 10.4245 5.34028
0 27.9642 10.4333 5.34323
0 27.9764 10.4421 5.34946
0 27.988 10.4508 5.34849
0 28.0005 10.4594 5.35193
0 28.0129 10.468 5.35314
0 28.0257 10.4767 5.35493
0 28.0394 10.4856 5.35563
0 28.0525 10.4943 5.35456
0 28.0666 10.5029 5.35921
0 28.0815 10.5116 5.35808
0 28.0921 10.5202 5.35966
0 28.1051 10.5289 5.36194
0 28.1176 10.5376 5.36255
0 28.1318 10.5465 5.36361
0 28.1466 10.5552 5.36714
0 28.162 10.5638 5.37003
0 28.1742 10.5723 5.37149
0 28.1848 10.581 5.37574
0 28.1976 10.5897 5.37639
0 28.2098 10.5984 5.37903
0 28.2246 10.6071 5.38124
0 28.2376 10.6157 5.38214
0 28.2485 10.6247 5.38044
0 28.2602 10.6333 5.38095
0 28.2735 10.6421 5.38005
0 28.2848 10.6508 5.38021
0 28.2951 10.6595 5.38398
0 28.3069 10.6681 5.38458
0 28.3205 10.6766 5.38588
0 28.3335 10.6854 5.38826
0 28.344 10.694 5.39605
0 28.3562 10.7027 5.39599
0 28.3684 10.7115 5.39818
0 28.3805 10.7201 5.40318
0 28.3916 10.7287 5.40562
0 28.4054 10.7376 5.40647
0 28.4218 10.7463 5.40969
0 28.4389 10.7551 5.41666
0 28.4549 10.7638 5.41787
0 28.4678 10.7726 5.41777
0 28.4827 10.7813 5.41903
0 28.4945 10.7901 5.42043
0 28.5079 10.7988 5.42141
0 28.5194 10.8076 5.41812
0 28.5334 10.8164 5.42151
0 28.5465 10.8253 5.42273
0 28.5591 10.8341 5.42732
0 28.5732 10.8428 5.42748
0 28.5863 10.8514 5.43014
0 28.598 10.8601 5.43109
0 28.6096 10.8688 5.43191
0 28.6207 10.8775 5.43606
0 28.6352 10.8864 5.4361
0 28.6508 10.8951 5.43693
0 28.6643 10.9037 5.43649
0 28.6806 10.9123 5.43607
0 28.6955 10.9211 5.4383
0 28.7088 10.9297 5.44059
0 28.7218 10.9384 5.44055
0 28.7356 10.9472 5.44336
0 28.7485 10.9561 5.44532
0 28.7612 10.9649 5.44731
0 28.7734 10.9737 5.4492
0 28.7848 10.9826 5.45438
0 28.794 10.9913 5.45641
0 28.81 11.0001 5.45637
0 28.8244 11.0088 5.45999
0 28.8368 11.0175 5.46113
0 28.8493 11.0264 5.4656
0 28.8642 11.0352 5.46772
0 28.877 11.044 5.46934
0 28.8893 11.0529 5.46824
0 28.9033 11.0617 5.47384
0 28.9159 11.0705 5.47632
0 28.9271 11.0793 5.47797
0 28.94 11.088 5.47657
0 28.9511 11.0968 5.47906
0 28.9627 11.1053 5.47799
0 28.9764 11.1141 5.47896
0 28.9876 11.1228 5.48017
0 29.0021 11.1316 5.48132
0 29.0162 11.1404 5.48362
0 29.0318 11.1491 5.48625
0 29.0438 11.1578 5.48546
0 29.0573 11.1667 5.48694
0 29.067 11.1753 5.4891
0 29.0775 11.1839 5.48943
0 29.0895 11.1928 5.49048
0 29.1029 11.2016 5.49729
0 29.1153 11.2103 5.49718
0 29.1311 11.219 5.49831
0 29.1451 11.2275 5.49808
0 29.1609 11.2363 5.49708
0 29.1755 11.245 5.50164
0 29.1878 11.2539 5.50452
0 29.2016 11.2626 5.50861
0 29.2157 11.2715 5.50942
0 29.2259 11.2802 5.51202
0 29.2387 11.289 5.51128
0 29.2543 11.2978 5.51419
0 29.2686 11.3064 5.51468
0 29.2813 11.3152 5.51751
0 29.2958 11.3239 5.51887
0 29.3079 11.3329 5.52154
0 29.3208 11.3416 5.52143
0 29.3328 11.3503 5.52561
0 29.3462 11.3591 5.52399
0 29.359 11.3679 5.52156
0 29.3716 11.3767 5.52103
0 29.385 11.3854 5.52246
0 29.3978 11.3942 5.52307
0 29.4093 11.4029 5.52309
0 29.4206 11.4118 5.52679
0 29.432 11.4207 5.53082
0 29.4442 11.4295 5.53173
0 29.4594 11.4383 5.5303
0 29.4724 11.4468 5.53161
0 29.4854 11.4557 5.53452
0 29.498 11.4646 5.53707
0 29.5081 11.4734 5.53701
0 29.5248 11.4824 5.53812
0 29.5366 11.4913 5.53705
0 29.549 11.4999 5.53608
0 29.5615 11.5087 5.53881
0 29.5758 11.5175 5.53851
0 29.5874 11.5262 5.54362
0 29.6003 11.535 5.54517
0 29.613 11.5438 5.54918
0 29.6278 11.5527 5.55094
0 29.6403 11.5614 5.55254
0 29.6543 11.57 5.55353
0 29.6667 11.579 5.55789
0 29.6778 11.5878 5.56106
0 29.6903 11.5967 5.56243
0 29.7033 11.6055 5.56355
0 29.717 11.614 5.56283
0 29.7305 11.6229 5.56194
0 29.7427 11.6318 5.56849
0 29.754 11.6406 5.57212
0 29.7675 11.6493 5.57132
0 29.7799 11.6582 5.57639
0 29.7935 11.6669 5.57937
0 29.8045 11.6756 5.57935
0 29.8193 11.6845 5.58062
0 29.8329 11.6933 5.5845
0 29.8436 11.7021 5.58736
0 29.8564 11.7111 5.58699
0 29.8664 11.7199 5.58827
0 29.8819 11.729 5.58957
0 29.8961 11.7379 5.5907
0 29.9055 11.7466 5.58988
0 29.9175 11.7555 5.59394
0 29.9299 11.7643 5.59487
0 29.9434 11.773 5.59614
0 29.9554 11.782 5.59824
0 29.968 11.7907 5.60115
0 29.981 11.7995 5.6046
0 29.992 11.8084 5.60534
0 30.0087 11.8172 5.607
0 30.0195 11.826 5.61038
0 30.0311 11.8349 5.61
0 30.0444 11.8436 5.61071
0 30.0603 11.8525 5.61282
0 30.0734 11.8614 5.61642
0 30.0841 11.8702 5.61531
0 30.0981 11.8791 5.61825
0 30.1114 11.8881 5.62079
0 30.1264 11.8971 5.62174
0 30.1379 11.906 5.6237
0 30.1543 11.9149 5.62173
0 30.1678 11.9238 5.62499
0 30.1822 11.9326 5.62358
0 30.1935 11.9415 5.62707
0 30.2066 11.9504 5.6301
0 30.2187 11.9592 5.63068
0 30.2317 11.9681 5.63323
0 30.2474 11.977 5.63274
0 30.2591 11.9858 5.63294
0 30.2737 11.9949 5.63744
0 30.2854 12.0038 5.63754
0 30.2984 12.0126 5.63864
0 30.3129 12.0214 5.63977
0 30.3258 12.0303 5.64067
0 30.3383 12.0394 5.64587
0 30.3505 12.0482 5.64588
0 30.3645 12.0571 5.64671
0 30.378 12.0659 5.6491
0 30.3908 12.0747 5.65011
0 30.4036 12.0836 5.6494
0 30.4195 12.0925 5.65081
0 30.4332 12.1014 5.65148
0 30.4456 12.1104 5.6519
0 30.4585 12.1191 5.6564
0 30.471 12.128 5.65914
0 30.4842 12.1369 5.65592
0 30.4988 12.1457 5.65762
0 30.5121 12.1545 5.66051
0 30.5248 12.1633 5.66068
0 30.5397 12.1721 5.66257
0 30.552 12.181 5.6634
0 30.5661 12.1901 5.66572
0 30.5793 12.1991 5.66259
0 30.5962 12.2081 5.66317
0 30.6125 12.2171 5.66913
0 30.6234 12.2259 5.67046
0 30.6374 12.2348 5.66966
0 30.6523 12.2437 5.67035
0 30.6686 12.2524 5.67118
0 30.6811 12.2613 5.67499
0 30.6932 12.2702 5.67524
0 30.7045 12.2791 5.67694
0 30.7172 12.2881 5.67985
0 30.7342 12.2967 5.68132
0 30.7472 12.3055 5.68606
0 30.7634 12.3145 5.6863
0 30.778 12.3233 5.68755
0 30.7928 12.3322 5.68599
0 30.8039 12.341 5.68951
0 30.8151 12.3499 5.68964
0 30.8288 12.3589 5.69179
0 30.8421 12.3678 5.69113
0 30.8544 12.3766 5.69405
0 30.8683 12.3853 5.69524
0 30.8797 12.3941 5.69684
0 30.8914 12.4028 5.70279
0 30.9031 12.4116 5.69977
0 30.9146 12.4205 5.70089
0 30.93 12.4293 5.70141
0 30.9447 12.4382 5.70056
0 30.9574 12.4472 5.70163
0 30.9697 12.4562 5.70342
0 30.9811 12.4652 5.70309
0 30.9964 12.4742 5.70333
0 31.0088 12.4831 5.70979
0 31.0236 12.492 5.71173
0 31.0389 12.5008 5.71056
0 31.0524 12.5098 5.71113
0 31.0647 12.5187 5.7091
0 31.0774 12.5276 5.70736
0 31.0888 12.5366 5.709
0 31.101 12.5457 5.71003
0 31.1129 12.5546 5.71264
0 31.1272 12.5637 5.71507
0 31.1404 12.5725 5.71482
0 31.1517 12.5814 5.71765
0 31.1637 12.5901 5.72189
0 31.1812 12.599 5.72518
0 31.193 12.6082 5.72882
0 31.202 12.6171 5.73121
0 31.2124 12.6262 5.73259
0 31.2248 12.6351 5.73514
0 31.2382 12.6441 5.73454
0 31.252 12.6531 5.73296
0 31.2642 12.6619 5.7351
0 31.2765 12.6705 5.73839
0 31.2921 12.6794 5.74007
0 31.3046 12.6883 5.74108
0 31.3177 12.6973 5.74279
0 31.3317 12.7061 5.74418
0 31.3438 12.715 5.74728
0 31.3581 12.7239 5.74818
0 31.3697 12.7327 5.74931
0 31.3813 12.7417 5.75015
0 31.396 12.7507 5.75038
0 31.413 12.7595 5.75264
0 31.4248 12.7685 5.75928
0 31.4376 12.7775 5.76202
0 31.4539 12.7863 5.76397
0 31.4687 12.7953 5.76603
0 31.4826 12.8042 5.76836
0 31.4964 12.8131 5.76939
0 31.5119 12.822 5.77082
0 31.522 12.831 5.76987
0 31.5349 12.8397 5.77234
0 31.5475 12.8488 5.77566
0 31.5617 12.8577 5.77603
0 31.5728 12.8664 5.77749
0 31.5838 12.8753 5.78183
0 31.5995 12.8841 5.78215
0 31.612 12.893 5.78316
0 31.6261 12.902 5.78468
0 31.6393 12.9109 5.78511
0 31.6532 12.9198 5.78372
0 31.6668 12.9289 5.78735
0 31.6805 12.9379 5.79404
0 31.6925 12.9467 5.79549
0 31.7052 12.9557 5.79543
0 31.7178 12.9647 5.79962
0 31.7303 12.9736 5.80024
0 31.7437 12.9824 5.80462
0 31.7567 12.9915 5.80736
0 31.7708 13.0006 5.80885
0 31.7827 13.0096 5.81506
0 31.7959 13.0184 5.81399
0 31.8063 13.0274 5.81707
0 31.8213 13.0362 5.81799
0 31.8361 13.0452 5.82081
0 31.8491 13.0543 5.82543
0 31.8594 13.0633 5.82666
0 31.8702 13.072 5.83201
0 31.8829 13.0809 5.83324
0 31.8982 13.0897 5.83489
0 31.9151 13.0988 5.83695
0 31.9299 13.1078 5.83831
0 31.9421 13.1167 5.84181
0 31.9545 13.1257 5.84428
0 31.9683 13.1346 5.84748
0 31.9825 13.1435 5.84656
0 31.9954 13.1524 5.84917
0 32.0114 13.1614 5.84782
0 32.0249 13.1706 5.85076
0 32.0377 13.1796 5.85708
0 32.051 13.1884 5.85666
0 32.066 13.1975 5.85595
0 32.0785 13.2064 5.85855
0 32.0917 13.2153 5.86144
0 32.1028 13.2242 5.86376
0 32.118 13.2332 5.86679
0 32.1292 13.2422 5.86817
0 32.1433 13.2511 5.87084
0 32.1572 13.2602 5.87341
0 32.17 13.2693 5.87565
0 32.184 13.2783 5.87431
0 32.1945 13.2874 5.87892
0 32.2075 13.2964 5.87806
0 32.2184 13.3054 5.88076
0 32.2301 13.3145 5.8811
0 32.2439 13.3235 5.88304
0 32.2556 13.3325 5.88329
0 32.2688 13.3415 5.88449
0 32.2818 13.3505 5.88505
0 32.2964 13.3594 5.88759
0 32.307 13.3684 5.88898
0 32.3196 13.3774 5.88873
0 32.3303 13.3865 5.88977
0 32.3451 13.3955 5.89144
0 32.3564 13.4045 5.89316
0 32.3695 13.4134 5.90051
0 32.3846 13.4224 5.90197
0 32.3965 13.4314 5.90233
0 32.4097 13.4403 5.90179
0 32.4199 13.4494 5.90379
0 32.4313 13.4585 5.90571
0 32.4434 13.4674 5.90945
0 32.4588 13.4762 5.90832
0 32.4708 13.4854 5.91059
0 32.4834 13.4945 5.91292
0 32.4958 13.5036 5.91244
0 32.51 13.5126 5.91642
0 32.5232 13.5216 5.91511
0 32.5371 13.5305 5.91708
0 32.5499 13.5393 5.92032
0 32.5621 13.5482 5.92137
0 32.5752 13.5571 5.9204
0 32.5839 13.566 5.91901
0 32.5953 13.5751 5.9212
0 32.6092 13.5841 5.92461
0 32.6211 13.5931 5.92984
0 32.6332 13.6022 5.93058
0 32.6448 13.6112 5.93205
0 32.6584 13.6202 5.93375
0 32.6703 13.6292 5.9382
0 32.6835 13.6382 5.94109
0 32.6968 13.6469 5.94208
0 32.709 13.6559 5.94322
0 32.7221 13.6651 5.94268
0 32.7316 13.6741 5.9448
0 32.7436 13.6832 5.94562
0 32.758 13.6923 5.94863
0 32.7702 13.7012 5.94616
0 32.781 13.7102 5.94952
0 32.7962 13.7193 5.95095
0 32.8078 13.7284 5.95343
0 32.8214 13.7374 5.95734
0 32.8341 13.7468 5.95793
0 32.8491 13.7558 5.95917
0 32.8652 13.7647 5.96296
0 32.8804 13.7738 5.96554
0 32.8933 13.7828 5.96644
0 32.9064 13.7916 5.96745
0 32.9198 13.8006 5.97183
0 32.934 13.8098 5.96859
0 32.9471 13.8187 5.96727
0 32.9614 13.8278 5.97043
0 32.9744 13.8367 5.96522
0.0001 32.9896 13.8457 5.968
0.0001 33.0017 13.8546 5.97401
0.0001 33.0139 13.8638 5.97964
0.0001 33.0264 13.8729 5.97941
0.0001 33.0378 13.8817 5.9782
0.0001 33.0511 13.8907 5.97826
0.0001 33.0637 13.8998 5.97603
0.0001 33.0784 13.9089 5.98007
0.0001 33.0927 13.9177 5.97933
0.0001 33.105 13.9267 5.98195
0.0001 33.119 13.9358 5.98383
0.0001 33.1331 13.9448 5.98434
0.0001 33.145 13.9537 5.98576
0.0001 33.156 13.9627 5.98774
0.0001 33.167 13.9718 5.99046
0.0001 33.1758 13.9808 5.99048
0.0001 33.1876 13.9898 5.99046
0.0001 33.2001 13.9986 5.9902
0.0001 33.212 14.0076 5.99081
0.0001 33.225 14.0167 5.99557
0.0001 33.2346 14.0257 5.99864
0.0001 33.2467 14.0348 6.00059
0.0001 33.2599 14.0438 6.001
0.0001 33.2715 14.0529 6.00317
0.0001 33.285 14.062 6.00456
0.0001 33.2987 14.071 6.00334
0.0001 33.3116 14.08 6.00465
0.0001 33.3253 14.089 6.00607
0.0001 33.3387 14.098 6.00438
0.0001 33.3496 14.107 6.00635
0.0001 33.3617 14.1162 6.01147
0.0001 33.3725 14.1252 6.01175
0.0001 33.3858 14.1344 6.01171
0.0001 33.3979 14.1433 6.01598
0.0001 33.4079 14.1525 6.01707
0.0001 33.4216 14.1615 6.02162
0.0001 33.4348 14.1705 6.02166
0.0001 33.4478 14.1796 6.02271
0.0001 33.459 14.1885 6.02285
0.0001 33.4699 14.1974 6.02292
0.0001 33.4834 14.2064 6.02728
0.0001 33.4996 14.2154 6.0315
0.0002 33.5156 14.2243 6.03379
0.0002 33.5282 14.2335 6.03383
0.0002 33.5405 14.2424 6.03801
0.0002 33.5509 14.2513 6.03664
0.0003 33.5602 14.2603 6.03601
0.0003 33.5746 14.2693 6.03692
0.0003 33.5862 14.2784 6.03814
0.0003 33.597 14.2873 6.0402
0.0003 33.6093 14.2964 6.04417
0.0003 33.6219 14.3055 6.04216
0.0003 33.6334 14.3144 6.04391
0.0003 33.6463 14.3233 6.04286
0.0003 33.659 14.3322 6.04353
0.0003 33.6703 14.341 6.04775
0.0003 33.6807 14.3501 6.04669
0.0003 33.6914 14.3592 6.04659
0.0003 33.7061 14.3682 6.04786
0.0003 33.7203 14.377 6.0514
0.0003 33.7315 14.386 6.05643
0.0003 33.7432 14.3952 6.06121
0.0003 33.757 14.4041 6.06158
0.0003 33.7685 14.4132 6.06241
0.0003 33.7778 14.4223 6.0624
0.0003 33.7881 14.4314 6.06492
0.0003 33.8026 14.4404 6.06481
0.0003 33.8141 14.4494 6.06539
0.0003 33.8266 14.4586 6.0664
0.0003 33.8371 14.4676 6.06671
0.0003 33.8508 14.4767 6.06902
0.0003 33.8624 14.4856 6.07256
0.0003 33.8744 14.4947 6.07359
0.0003 33.885 14.5037 6.07559
0.0003 33.896 14.5128 6.07754
0.0003 33.9088 14.5219 6.0793
0.0003 33.9236 14.5308 6.0779
0.0003 33.9348 14.5398 6.07665
0.0003 33.9474 14.5486 6.07551
0.0003 33.9616 14.5576 6.07729
0.0003 33.9728 14.5666 6.08098
0.0003 33.9848 14.5755 6.08281
0.0003 33.9987 14.5846 6.08454
0.0003 34.011 14.5937 6.08665
0.0003 34.0279 14.6028 6.08837
0.0003 34.0429 14.6118 6.09051
0.0003 34.0561 14.6207 6.09234
0.0003 34.0695 14.6298 6.09442
0.0003 34.0772 14.6389 6.09333
0.0003 34.0887 14.648 6.09831
0.0003 34.1009 14.6572 6.10165
0.0003 34.1134 14.6663 6.10251
0.0003 34.1251 14.6753 6.10604
0.0003 34.1358 14.6843 6.10949
0.0003 34.1491 14.6933 6.11025
0.0003 34.1623 14.7022 6.11087
0.0003 34.1734 14.7111 6.11357
0.0003 34.1872 14.7201 6.11583
0.0003 34.1963 14.7292 6.11759
0.0003 34.2079 14.7381 6.11897
0.0003 34.2222 14.7471 6.12566
0.0003 34.2327 14.756 6.12511
0.0003 34.2456 14.765 6.1245
0.0003 34.2576 14.774 6.12312
0.0003 34.2747 14.7834 6.12651
0.0003 34.2891 14.7924 6.12923
0.0003 34.2981 14.8015 6.13043
0.0003 34.3112 14.8108 6.12963
0.0003 34.3215 14.8198 6.13355
0.0003 34.3352 14.829 6.13532
0.0003 34.3464 14.838 6.13521
0.0003 34.3603 14.847 6.13771
0.0003 34.3743 14.8561 6.13944
0.0003 34.3873 14.8652 6.14122
0.0003 34.4008 14.8743 6.14616
0.0003 34.4156 14.8834 6.14526
0.0003 34.4285 14.8927 6.14436
0.0003 34.4374 14.9014 6.14536
0.0004 34.45 14.9103 6.14684
0.0004 34.4639 14.9195 6.14759
0.0004 34.4747 14.9286 6.14999
0.0004 34.4894 14.9378 6.15202
0.0004 34.5023 14.9467 6.15512
0.0004 34.5163 14.9559 6.15727
0.0004 34.5311 14.965 6.15761
0.0004 34.5422 14.9741 6.16076
0.0004 34.5555 14.9832 6.1613
0.0004 34.5683 14.9923 6.16251
0.0004 34.5811 15.0016 6.16534
0.0004 34.5941 15.0106 6.16908
0.0004 34.6084 15.0195 6.17015
0.0004 34.6171 15.0286 6.16948
0.0004 34.6304 15.0378 6.17341
0.0004 34.643 15.0468 6.17281
0.0004 34.657 15.0559 6.17081
0.0004 34.6688 15.0649 6.17287
0.0004 34.6819 15.0739 6.17242
0.0004 34.6938 15.0829 6.17597
0.0004 34.7075 15.092 6.17619
0.0004 34.7198 15.1009 6.17757
0.0004 34.7333 15.1099 6.17738
0.0004 34.7453 15.119 6.17692
0.0004 34.7587 15.128 6.17537
0.0004 34.7731 15.1371 6.17728
0.0004 34.7856 15.1462 6.17935
0.0004 34.7968 15.1552 6.17934
0.0004 34.8095 15.1644 6.17893
0.0004 34.8202 15.1736 6.17767
0.0004 34.8316 15.1827 6.17753
0.0004 34.8425 15.192 6.17952
0.0004 34.8558 15.2011 6.181
0.0004 34.8686 15.2103 6.18294
0.0004 34.883 15.2192 6.18468
0.0004 34.8945 15.2282 6.18839
0.0004 34.9056 15.2374 6.1932
0.0004 34.9157 15.2464 6.19452
0.0004 34.9277 15.2554 6.1965
0.0004 34.9399 15.2648 6.20162
0.0004 34.9525 15.2737 6.20615
0.0004 34.9645 15.2828 6.21101
0.0004 34.9773 15.2919 6.20893
0.0004 34.9892 15.3011 6.21509
0.0004 35.003 15.3101 6.21383
0.0004 35.0187 15.3195 6.21531
0.0004 35.0352 15.3288 6.21832
0.0004 35.0444 15.3379 6.22168
0.0004 35.0581 15.347 6.22675
0.0004 35.0706 15.3559 6.2268
0.0004 35.0847 15.3649 6.22974
0.0005 35.0977 15.374 6.23063
0.0005 35.1084 15.3832 6.23436
0.0005 35.1194 15.3923 6.23353
0.0005 35.131 15.4015 6.23269
0.0005 35.1457 15.4105 6.23259
0.0005 35.1563 15.4196 6.2339
0.0005 35.1709 15.4287 6.23425
0.0005 35.1852 15.4377 6.23576
0.0005 35.1968 15.4468 6.23813
0.0005 35.2085 15.456 6.24096
0.0005 35.2205 15.4648 6.2428
0.0007 35.2381 15.4739 6.24531
0.0007 35.2518 15.4832 6.24081
0.0007 35.2657 15.4922 6.24131
0.0007 35.2795 15.5014 6.24189
0.0007 35.2905 15.5108 6.24379
0.0007 35.2997 15.5199 6.24458
0.0007 35.3144 15.5292 6.24686
0.0008 35.3261 15.5383 6.24785
0.0008 35.3387 15.5473 6.25035
0.0008 35.3506 15.5564 6.25289
0.0008 35.359 15.5654 6.25565
0.0009 35.3712 15.5748 6.25426
0.0009 35.3821 15.5839 6.25581
0.001 35.3926 15.5929 6.25838
0.001 35.4076 15.6019 6.2601
0.001 35.422 15.611 6.26118
0.001 35.4331 15.62 6.26228
0.001 35.4444 15.6291 6.26232
