0 0 0 0
0 0.014 0.00087 0.0316171
0 3.3566 0.505317 1.11889
0 4.91 1.07823 1.69435
0 6.2498 1.69609 2.15754
0.0002 7.4844 2.3531 2.55786
0.0018 8.693 3.05432 2.93361
0.0083 9.8613 3.78282 3.26257
0.0258 11.0088 4.53511 3.59689
0.0636 12.1163 5.30484 3.89796
0.134 13.2341 6.10454 4.17115
0.2551 14.3171 6.91301 4.42189
0.4254 15.4118 7.7412 4.68647
0.653 16.4932 8.58929 4.93605
0.9302 17.5655 9.44028 5.14041
1.2677 18.6321 10.2951 5.3552
1.6463 19.6886 11.1653 5.55792
2.0759 20.7116 12.0383 5.74702
2.5433 21.7769 12.9308 5.9318
3.0696 22.8335 13.8301 6.07314
3.6312 23.8841 14.7388 6.23035
4.2456 24.9284 15.6559 6.38179
4.8204 25.9712 16.564 6.52757
5.4771 26.9857 17.4773 6.64444
6.1176 28.0117 18.3982 6.76126
6.7979 29.0133 19.32 6.85095
7.4911 30.0189 20.2517 6.99411
8.2466 31.0477 21.1935 7.13308
8.9878 32.0894 22.1417 7.24048
9.7643 33.0829 23.0771 7.33561
10.5495 34.1304 24.0323 7.43484
11.319 35.1538 24.9764 7.56332
12.1546 36.1672 25.927 7.6819
12.9656 37.1823 26.8726 7.79644
13.8016 38.2132 27.827 7.9393
14.6834 39.2425 28.8005 7.98926
15.4914 40.2556 29.7605 8.12278
16.3285 41.2746 30.7318 8.16065
17.1824 42.292 31.6987 8.23342
18.0428 43.319 32.6583 8.36549
18.9031 44.3327 33.6223 8.43144
19.7932 45.3365 34.5953 8.50555
20.6556 46.3578 35.5724 8.57868
21.5568 47.388 36.5553 8.69613
22.4476 48.4086 37.5472 8.75074
23.318 49.4368 38.5346 8.82973
24.2803 50.4421 39.5089 8.89939
25.1309 51.4872 40.4964 8.88726
26.062 52.4573 41.4891 8.89721
26.9643 53.4897 42.4709 8.98081
27.8704 54.5139 43.4527 9.04199
28.7502 55.5288 44.4331 9.10289
29.6889 56.5145 45.418 9.15515
30.6395 57.5227 46.4029 9.22439
31.5516 58.5465 47.3951 9.28805
32.441 59.5479 48.371 9.32716
33.3909 60.5487 49.3623 9.41152
34.3442 61.5638 50.3388 9.44768
35.2954 62.5688 51.3361 9.5027
36.2791 63.6182 52.333 9.57516
37.241 64.6112 53.3128 9.67317
38.1924 65.6133 54.304 9.72879
39.1703 66.6475 55.3053 9.79545
40.1276 67.6482 56.2921 9.81815
41.083 68.681 57.2986 9.86848
42.0898 69.6509 58.2964 9.92259
43.0647 70.6646 59.3035 10.0083
44.0316 71.6841 60.3061 10.059
45.0018 72.6994 61.305 10.0781
45.9823 73.7133 62.3102 10.0851
46.9424 74.7233 63.3084 10.1263
47.8793 75.7189 64.2955 10.1756
48.8229 76.7444 65.2982 10.2397
49.7687 77.7541 66.3067 10.3194
50.7765 78.7701 67.2995 10.393
51.7379 79.7887 68.3139 10.5053
52.7537 80.8083 69.3212 10.5272
53.7218 81.8349 70.3187 10.5708
54.6154 82.8579 71.3156 10.578
55.6088 83.882 72.3173 10.6711
56.5917 84.8687 73.3147 10.7341
57.6128 85.868 74.3211 10.7829
58.5307 86.8608 75.3081 10.8582
59.5562 87.8424 76.3102 10.8894
60.5408 88.846 77.3003 10.9436
61.5453 89.8371 78.2954 10.9375
62.5941 90.8437 79.309 11.0115
63.6497 91.8839 80.3194 11.0109
64.64 92.8842 81.3198 11.1018
65.6192 93.8829 82.3227 11.1174
66.6354 94.9138 83.3244 11.1148
67.5862 95.9135 84.3195 11.1508
68.5576 96.9352 85.3287 11.2399
69.5454 97.9518 86.3322 11.2688
70.4886 98.9447 87.3367 11.2557
71.4452 99.9428 88.3293 11.2251
72.4814 100.963 89.3466 11.2526
73.4687 101.974 90.3447 11.3018
74.459 102.999 91.354 11.3672
75.4889 104.009 92.3717 11.4832
76.5388 105.03 93.3877 11.526
