1.138 
1.13793 
-0.687668 
-1.41853 
0.77249 
0.407824 
-1.7837 
-0.688357 
0.0420733 
-1.41835 
1.50266 
-1.41854 
1.50255 
0.0425234 
-0.688145 
0.772569 
-1.05333 
0.772226 
0.0421519 
-1.05284 
1.50266 
2.9634 
2.59797 
-0.323151 
0.772285 
2.23333 
-2.5138 
-0.688343 
0.042021 
-0.688019 
0.042036 
0.0420444 
-1.41856 
0.0421105 
1.50274 
-0.323162 
-1.78376 
-1.41864 
1.50301 
-1.05328 
0.0425966 
0.77261 
-0.323125 
-0.32291 
-0.688218 
-2.51399 
-2.14888 
-1.41866 
0.407265 
-1.41866 
0.0419405 
1.13766 
-0.68818 
0.0420439 
-2.1488 
-0.322854 
1.86771 
1.13748 
-0.688088 
0.407207 
-1.41846 
0.772854 
0.772232 
1.13742 
0.0419335 
-0.32293 
-1.05349 
-0.688349 
0.0422912 
-0.323162 
0.772396 
-0.688258 
1.1374 
0.042272 
-2.51404 
1.13765 
0.407291 
0.042146 
-0.323181 
-2.51366 
1.86782 
-1.7835 
4.4241 
-1.05328 
0.0421184 
-0.322399 
0.0424144 
-1.05299 
0.041939 
2.59799 
0.772318 
-0.688091 
1.50258 
0.0423451 
0.0419951 
-1.78374 
-1.0533 
0.0419496 
-0.323171 
-0.322994 
-2.87923 
0.0419383 
0.0425873 
-0.323101 
0.772226 
-0.688364 
-1.05351 
-1.05352 
-0.688181 
-2.14884 
-1.05337 
-1.41829 
0.772729 
-1.05345 
0.77233 
-1.78359 
-1.05347 
1.1375 
0.407306 
-1.78372 
-2.14894 
-0.32311 
-0.688193 
1.86834 
-1.05274 
-0.323218 
-0.323101 
1.5026 
0.407149 
0.772286 
-2.14874 
-1.41845 
0.40716 
-0.323207 
-2.51392 
-0.688096 
0.407086 
0.042536 
-2.14887 
0.0422556 
-1.41862 
1.86821 
-1.05321 
-1.41848 
-1.78341 
0.408105 
-0.688151 
-0.688293 
0.0419683 
0.407149 
0.0421358 
0.407232 
1.50278 
-0.322974 
0.772648 
-0.323042 
0.0421443 
0.0431813 
-0.323191 
0.0424364 
0.0423201 
0.0421858 
-1.05259 
0.407267 
1.13804 
-1.41829 
1.50254 
0.407617 
0.041931 
0.772775 
1.1374 
0.772649 
-1.05333 
-0.322993 
-1.05344 
0.0422728 
1.13769 
-1.05347 
-2.14889 
0.77239 
-2.51394 
0.407367 
0.0420839 
1.13761 
2.23303 
0.042469 
1.13737 
1.5026 
-0.688244 
-0.323206 
-1.41854 
0.772258 
0.772258 
1.86774 
-2.14895 
0.772315 
0.0421515 
-1.41863 
0.407117 
0.772657 
-1.05305 
-1.05338 
0.407426 
-0.687755 
1.13743 
-2.14893 
0.40712 
-0.323126 
-1.41827 
0.0419606 
-0.688186 
-1.41836 
-1.41847 
0.407712 
-0.32275 
0.04193 
1.13756 
0.0421816 
1.13779 
-1.05342 
-1.41841 
0.407233 
0.772299 
-1.41864 
-1.05332 
0.772526 
-0.688252 
-0.323112 
-0.323186 
-1.41866 
-0.323173 
-2.51411 
-0.323194 
1.13742 
0.0419455 
-1.05333 
0.407262 
-1.05334 
2.23301 
-0.687601 
0.407315 
1.86784 
-1.05314 
0.772681 
0.0421187 
1.86786 
-1.7838 
-2.14859 
-0.688335 
0.0419942 
1.50283 
0.407248 
-1.41866 
0.0419641 
-0.687695 
0.772351 
0.772393 
0.407815 
-0.68827 
-1.41861 
-1.78371 
0.0423312 
-0.687935 
-1.05342 
0.0419596 
-0.688368 
0.0420467 
-0.68817 
-0.687967 
-0.687865 
0.407075 
-2.51407 
2.23338 
0.0422546 
-1.78381 
-1.05344 
-0.6883 
-0.688222 
-1.41855 
0.0427647 
0.042081 
-2.51406 
-0.3232 
0.407227 
0.772247 
-1.0534 
1.50258 
1.13768 
0.0420802 
0.407614 
0.0421729 
2.23294 
0.407183 
0.407208 
0.407219 
0.773013 
-0.322637 
-0.688157 
1.86779 
-2.51388 
1.13777 
0.0423568 
-0.688024 
1.13804 
-0.322972 
0.0421534 
-0.688039 
-0.323208 
0.772292 
0.0423365 
1.86794 
-0.323203 
-0.688331 
-1.78337 
-0.688315 
2.23302 
-0.322876 
-0.688041 
0.407116 
1.13742 
-2.5138 
1.50265 
-1.4185 
-0.688315 
-0.323135 
0.407293 
1.13765 
0.0420677 
0.407599 
-0.323167 
1.13761 
0.772551 
-0.323103 
-1.05348 
0.0419871 
-0.322976 
0.0420943 
-0.323181 
-1.05329 
1.13739 
-1.41849 
-2.14866 
-1.41862 
-1.05332 
-1.05304 
2.96317 
-0.688318 
-1.41842 
1.8678 
-1.4184 
1.86848 
-1.78377 
1.5032 
-0.32283 
0.407131 
-1.78376 
-2.51399 
-2.51373 
-2.14886 
0.772429 
0.0432402 
-0.688325 
1.50281 
-2.51405 
-1.05337 
1.50298 
1.13749 
0.0423138 
0.407421 
-0.323097 
-0.322884 
-0.323176 
0.0419757 
-1.41862 
0.0420751 
0.407184 
-3.24408 
1.13747 
0.041971 
0.407174 
-1.41862 
-3.97395 
-2.87896 
1.50274 
0.772386 
-1.41848 
1.13762 
-0.323144 
-0.688097 
-0.323109 
0.407296 
0.407267 
-1.05344 
-0.322963 
-0.688051 
-1.41838 
-1.78374 
0.407885 
1.50276 
-1.05343 
1.13758 
-1.41838 
1.50253 
1.50289 
-1.78342 
-0.323117 
0.0420262 
-2.14886 
-1.4183 
1.50269 
1.13744 
0.407191 
-0.688064 
0.407218 
-1.78359 
0.407169 
1.5029 
1.86789 
0.407188 
1.1374 
0.407511 
-0.688055 
-1.41854 
0.772476 
0.042116 
-1.41866 
1.13741 
0.772346 
0.40727 
-0.687773 
-2.14868 
1.50254 
2.59811 
0.40732 
-1.41838 
-1.05289 
-0.688338 
-0.688238 
-1.05343 
-0.687966 
1.50276 
-0.322917 
0.407172 
0.0421512 
-0.688229 
-0.68803 
-1.41859 
-0.688363 
0.772341 
1.13759 
-1.41851 
0.042134 
1.50265 
-0.688357 
0.772734 
-0.323162 
-1.05297 
0.0420438 
1.13751 
-0.688044 
0.0422456 
-0.323141 
-1.0534 
0.0425164 
0.0421036 
0.0419754 
0.407174 
0.407098 
1.50282 
-0.323085 
-0.688269 
-0.32311 
1.13751 
-0.688352 
-0.321833 
0.407318 
1.13764 
-1.41763 
-1.05307 
0.407774 
0.772408 
-1.78363 
-1.05321 
0.042171 
-0.687473 
0.0421766 
-1.78371 
-1.7835 
0.0421072 
0.0419629 
1.13832 
-0.688332 
0.0421711 
1.50266 
0.407484 
-0.32315 
1.13747 
0.407263 
0.0420139 
0.0419689 
-1.41783 
0.0419605 
-0.687949 
1.1378 
0.0424444 
0.0421536 
-1.41782 
0.407142 
1.13739 
1.50412 
-0.688359 
-0.323188 
1.13745 
0.407197 
0.0419433 
-1.41848 
0.0419373 
-0.688367 
1.13743 
-0.322983 
-1.05352 
0.407134 
0.407109 
0.0420313 
0.772381 
-0.322454 
0.0421029 
-0.322952 
0.0419277 
2.59805 
-0.323172 
-0.688139 
-0.323118 
1.86768 
2.59804 
1.868 
0.407156 
0.0419532 
-1.78379 
1.50314 
0.407311 
-1.0532 
-1.05314 
-1.05339 
1.13798 
0.772331 
-0.687826 
1.13785 
1.86774 
1.1377 
1.5027 
1.13768 
-2.5141 
0.0419881 
-0.323195 
0.0421042 
0.40726 
0.0422434 
-1.78347 
-3.24434 
-1.05348 
0.0422716 
-0.688328 
-0.68789 
-1.05316 
-1.05338 
-2.14879 
0.772252 
-0.323037 
0.772336 
1.13738 
-0.688352 
-0.322963 
-0.688309 
-1.78338 
0.0420499 
-1.0529 
-0.688285 
-0.322513 
0.772242 
-0.322961 
0.407791 
1.50255 
0.0419748 
0.0424262 
0.0423424 
2.59819 
-2.14884 
0.40711 
-2.5141 
-1.78376 
-0.688095 
-1.05342 
-0.322664 
-0.323198 
0.772251 
0.407273 
-1.78339 
-1.4184 
0.772443 
-1.0534 
-1.41864 
0.407245 
-1.41852 
-2.51401 
0.0420348 
0.0427498 
0.772287 
-0.688359 
-1.05325 
-1.41862 
0.408112 
-0.687704 
0.407219 
1.13765 
0.0421594 
0.407584 
0.0421681 
2.23323 
0.407229 
0.407513 
-1.41865 
-0.688237 
1.13763 
0.0419273 
1.50259 
1.86778 
-1.05347 
-1.78354 
-1.41851 
0.407374 
0.772351 
0.407231 
1.13749 
0.407169 
-0.688306 
-1.41847 
-0.32298 
-1.41863 
1.1374 
1.86784 
-2.14861 
1.13739 
1.86773 
-1.78378 
-0.688282 
-0.688083 
-2.14886 
0.407142 
-1.05352 
1.50259 
0.0422935 
1.13745 
-0.688286 
-0.322893 
-1.05293 
1.50271 
-1.41826 
0.0420942 
-1.41863 
-1.78367 
-1.05328 
0.407119 
0.407178 
0.0419277 
1.50258 
-0.32318 
0.407448 
-0.322919 
0.407095 
-1.41863 
0.407713 
0.407573 
-0.688157 
-0.323027 
1.50265 
0.0420848 
-1.41865 
1.13743 
-0.323094 
-1.41854 
1.86782 
-1.05348 
0.0420428 
-0.322829 
1.13747 
-2.51336 
-1.4185 
-0.323192 
-1.41862 
-0.688208 
-0.323151 
-1.78368 
1.86791 
0.0422011 
0.0420088 
-0.688285 
-0.688312 
-0.68796 
-2.14886 
-1.78374 
0.772635 
0.407138 
0.0421262 
0.0419499 
-0.322398 
0.407165 
-0.323059 
0.0421169 
0.772934 
1.13763 
1.13761 
1.50271 
-2.87911 
-0.322843 
-0.323148 
0.407295 
-1.05344 
0.772538 
-1.05322 
1.13769 
-0.687583 
-1.05332 
-1.78369 
0.407114 
-1.41852 
-0.687907 
1.50292 
0.772332 
-1.05348 
0.772666 
0.407178 
1.50296 
0.0426186 
0.041931 
0.0420133 
-2.14888 
-0.68815 
1.13756 
-0.323117 
0.407101 
-0.688153 
0.407475 
-2.51396 
-1.05341 
1.86807 
0.0419549 
-1.05349 
0.0420779 
-1.05342 
1.13749 
0.772248 
1.50274 
-1.41855 
0.772403 
0.407222 
-0.322945 
0.041929 
0.0427855 
0.772416 
0.407087 
0.772485 
-1.41836 
-1.41849 
-1.41844 
-2.14891 
0.7728 
1.50252 
1.13771 
-1.05343 
-0.323153 
0.0424479 
0.407208 
0.0419732 
-1.41808 
1.13741 
-1.41866 
0.407125 
-0.688327 
-0.688221 
-0.688339 
-1.78362 
0.0421149 
-0.68835 
0.407367 
-1.41847 
-1.41854 
-0.322612 
1.50268 
0.772225 
1.1377 
0.0421392 
-0.688296 
0.0419408 
0.772535 
1.13812 
0.0424684 
-0.68836 
-1.78371 
-0.322787 
-0.32276 
0.407306 
-0.323092 
0.0420405 
0.0419744 
0.407173 
-2.14862 
0.772312 
-1.05311 
0.772509 
-1.0532 
-0.323154 
0.772279 
0.0420302 
0.0422198 
0.407483 
0.407097 
0.407238 
-1.05334 
1.86773 
-0.688164 
-0.322702 
-0.688233 
-1.05256 
1.13763 
-0.687899 
-1.41852 
-0.323135 
-0.323198 
0.407178 
-0.688258 
-0.323113 
2.23289 
0.407107 
-0.323016 
-0.688359 
-1.78381 
-1.05349 
-1.41847 
0.0419296 
-1.41863 
0.0420882 
0.0419919 
1.13809 
-0.688282 
-1.05301 
-0.688293 
0.407435 
0.0419888 
-1.41824 
1.50283 
1.1374 
0.407213 
1.13742 
-1.05341 
-0.323198 
-3.60932 
0.407569 
-0.323127 
-0.323167 
0.40736 
0.0422666 
-0.688336 
1.86821 
0.407703 
1.13738 
-0.688349 
-0.688357 
-1.05319 
0.0421812 
1.50262 
-0.68793 
1.13778 
-0.688236 
0.77224 
-0.687255 
1.13787 
-0.323161 
-0.323104 
0.772299 
1.13813 
-1.05335 
1.13744 
-0.322569 
0.0420837 
1.13754 
-0.323085 
1.13798 
0.0421297 
-0.687463 
2.23322 
1.50268 
0.772321 
-1.78348 
0.0421076 
0.0419839 
-0.323125 
-1.41855 
0.407275 
0.407328 
-0.323096 
-1.05344 
0.772279 
-1.78358 
-0.322997 
0.0420322 
0.0422143 
0.772236 
0.407206 
-0.688341 
-0.323184 
1.50253 
-3.60927 
1.13769 
-2.14885 
-1.05348 
-0.323169 
-1.05321 
-0.688354 
1.13788 
-0.688292 
-0.688313 
0.0420247 
0.77226 
0.77231 
0.0421982 
-1.41801 
-1.05272 
1.50261 
-0.688257 
1.13742 
-1.41855 
0.772286 
0.407151 
0.407476 
1.13755 
0.772295 
1.8679 
-0.323078 
0.407377 
0.772333 
-0.688166 
0.40722 
-0.322969 
0.772456 
-1.41864 
-1.05335 
-0.688328 
-1.05351 
0.407194 
0.772258 
-1.05343 
-0.323212 
-0.323183 
0.0420547 
-3.24434 
-1.41865 
1.13751 
1.1374 
0.772363 
0.772295 
0.0422036 
1.50256 
-1.41861 
0.772383 
0.772249 
-2.14881 
-0.322303 
0.407267 
0.772469 
-1.41848 
-1.05313 
-0.323118 
0.407165 
0.042432 
0.772276 
-2.5138 
0.0420598 
1.86774 
-0.687997 
-1.05319 
-1.05329 
-0.323214 
1.50271 
-1.05343 
-2.51404 
-1.05339 
-1.41861 
0.40711 
-1.41866 
1.50318 
0.042268 
-1.05316 
1.86811 
-1.0535 
0.772342 
0.407286 
1.50262 
2.96316 
-0.687899 
0.407212 
-1.7836 
0.772362 
-0.322884 
0.40737 
0.407228 
0.772782 
0.772409 
0.407452 
1.13742 
-0.323091 
-0.688362 
-2.1489 
2.96328 
0.772351 
1.13753 
-1.41847 
0.0424523 
0.772733 
-0.322991 
-1.78378 
-1.05337 
-1.41801 
0.407782 
-1.05333 
1.13764 
-0.323125 
-1.41866 
0.407352 
-0.32267 
1.50261 
-0.323064 
0.77271 
1.50263 
2.59834 
-0.68824 
0.0419331 
0.772241 
-0.323158 
-1.05308 
-2.51409 
1.50258 
0.042115 
0.407185 
-2.14864 
0.40721 
-1.41855 
-1.78361 
0.407406 
0.0421024 
-0.688329 
1.50291 
0.042001 
-1.41862 
0.407085 
1.50256 
0.772309 
0.0419851 
-1.4186 
-0.688359 
1.13744 
1.50255 
0.407208 
0.407521 
0.772696 
-2.8792 
0.772262 
-1.05347 
-1.05346 
-0.323207 
-0.323016 
0.4072 
0.77269 
-1.41807 
-1.05349 
0.0420243 
-1.05347 
-0.322502 
2.23295 
0.0419561 
1.50298 
0.407128 
-0.688193 
0.772333 
-0.688029 
1.13738 
1.50319 
-0.322019 
1.13748 
-1.05347 
0.407286 
1.13749 
-1.05333 
-0.688099 
-0.322833 
-0.688209 
-1.05326 
-1.05349 
0.0427462 
-0.32286 
0.407281 
1.1374 
0.772247 
-1.4185 
-0.32307 
-0.688167 
0.407557 
1.86776 
0.0419341 
0.407163 
0.0424098 
0.407093 
0.0419279 
0.40788 
-0.322933 
-0.322891 
-0.688314 
-0.687553 
-0.323149 
-0.68807 
-1.053 
-0.688305 
-1.41857 
0.407338 
0.0424847 
-0.322906 
0.772517 
-0.323209 
-0.323181 
0.0420053 
0.407078 
0.407559 
-0.322805 
-1.05347 
0.0422999 
-0.323163 
1.50253 
1.86768 
-1.05351 
0.77223 
2.59875 
1.13742 
0.772255 
-0.688363 
0.407311 
1.50259 
-0.688269 
0.0420545 
0.041937 
0.772998 
-0.687674 
-2.14896 
-1.41866 
-1.41859 
0.772239 
-1.41849 
-0.323127 
0.0419851 
0.407263 
-1.41848 
-1.05337 
-0.688099 
-0.687818 
0.407273 
0.0422029 
-1.05329 
0.772235 
0.772316 
-1.05347 
0.407122 
-0.323187 
-1.78354 
-0.688097 
0.0419535 
1.86785 
-1.05343 
0.407282 
-1.41862 
-0.323135 
-2.87925 
1.13766 
1.13742 
2.23302 
0.0421461 
0.0420173 
-0.688186 
0.407141 
-0.323053 
-2.51383 
0.407398 
0.0419496 
0.40713 
-2.1485 
1.13744 
0.407181 
-1.41857 
-1.05335 
-0.688071 
0.0427522 
0.0422029 
1.50259 
1.50261 
0.0422225 
0.772247 
-1.05328 
0.773037 
0.407618 
1.1378 
0.0428815 
-2.14837 
1.86776 
0.0420375 
0.772377 
-0.687981 
0.0420401 
0.772252 
0.407451 
-0.688333 
0.0426795 
-1.78318 
1.13745 
0.772437 
2.59836 
0.0421657 
0.407236 
-0.323089 
-0.688359 
-0.688169 
-1.41836 
1.86782 
-2.87883 
-1.41818 
-1.78361 
1.13743 
1.13754 
-1.05352 
0.0420454 
0.0419939 
0.0425547 
0.041962 
0.772239 
-1.78367 
-0.687689 
-1.78373 
-0.688211 
-0.322844 
0.40722 
-0.688362 
-0.323219 
-0.688353 
1.13751 
-1.05338 
0.0419529 
1.86779 
0.0426344 
-0.688362 
0.0421774 
-0.322775 
-1.05339 
0.0420307 
-0.687749 
-0.688358 
-0.323142 
-2.14872 
1.50262 
-0.323114 
-0.323136 
-0.323196 
0.407165 
-0.688169 
-1.41787 
-1.05294 
-0.68788 
-1.05318 
0.407676 
1.13738 
1.86787 
0.407086 
-1.41866 
1.50256 
1.13744 
-0.688275 
0.0420168 
0.0420135 
0.0422768 
-1.78377 
0.407104 
0.0419711 
-1.78377 
0.0422227 
1.13738 
-1.05351 
0.0422541 
-0.323178 
-0.322781 
-0.688074 
-0.688261 
0.0431664 
1.13761 
0.407161 
-1.41835 
-1.05347 
0.0419616 
0.772361 
-0.323142 
-1.41861 
-0.688198 
-0.688035 
-0.323213 
0.0421693 
0.407097 
2.23282 
-0.688006 
0.0423115 
1.50263 
0.407163 
-0.322663 
1.50279 
-1.05193 
1.50259 
0.0420141 
-1.05296 
0.0420856 
