-1.05333 
0.0421221 
-1.05348 
0.0419588 
-0.688148 
0.772594 
1.50254 
-0.323003 
-1.78352 
-1.78305 
1.86769 
0.0421475 
-0.323199 
-0.322792 
0.0419723 
0.0420897 
0.0420798 
2.59811 
0.772228 
-0.32295 
-1.78374 
-2.1488 
0.7728 
1.13798 
1.13743 
-1.41848 
1.50255 
0.407291 
-3.24402 
-0.322924 
-0.323176 
0.407785 
0.407148 
1.13742 
0.772272 
-1.4184 
1.50298 
-2.51394 
-1.41861 
-0.688278 
1.13739 
-0.68784 
-0.688316 
0.407246 
-1.41844 
0.0419463 
0.0425135 
-1.05352 
1.50299 
0.407607 
0.772273 
0.407222 
0.407187 
-1.05334 
-0.322913 
-2.87922 
-0.32229 
2.96319 
-1.05351 
-1.78367 
1.86788 
1.13762 
-0.32314 
0.77257 
-0.688202 
-0.323192 
1.13793 
0.407083 
1.1374 
0.40724 
-0.322995 
-1.05349 
0.0419475 
0.772339 
-1.41865 
-0.322705 
-2.14889 
0.407078 
-2.87889 
1.868 
-1.7838 
0.772317 
0.0420604 
0.408546 
0.772564 
-1.05329 
-1.78367 
-1.41864 
0.0420973 
1.13755 
0.0419947 
-1.05325 
-1.0535 
0.407196 
-1.05328 
-2.14864 
0.407283 
0.407467 
1.13756 
0.0426191 
0.772434 
-2.8792 
-1.05348 
-1.41862 
-1.05346 
0.772269 
1.86769 
1.13749 
-1.05331 
-1.41862 
-0.688171 
1.13755 
1.50265 
-0.32321 
-0.323041 
-0.688366 
-0.322661 
1.50252 
0.772536 
1.86803 
-0.688361 
-1.05341 
0.407185 
0.772338 
0.772535 
0.0419394 
1.13766 
0.772248 
-0.688311 
-0.323112 
0.0422934 
1.13777 
0.0422941 
-2.14812 
-1.05338 
0.772375 
-2.51398 
0.0424339 
-0.688083 
0.0420306 
-1.41845 
-1.05343 
-1.05348 
-0.322816 
0.772263 
0.407333 
-1.41842 
1.50288 
1.50264 
-1.41851 
0.772351 
-1.4186 
0.772293 
0.772402 
-2.14884 
0.041973 
0.0419302 
0.0420595 
-1.41859 
-0.323145 
0.772611 
-1.78363 
-0.687483 
-1.41844 
0.407085 
-1.0535 
-2.87905 
-1.05322 
-2.14857 
0.407351 
-1.41863 
0.407434 
-1.78333 
1.86813 
0.407108 
0.0419862 
0.772317 
-0.323116 
1.86797 
0.772585 
0.0422714 
-0.688029 
-0.323048 
-0.32298 
1.86793 
1.8678 
0.407149 
-0.68834 
-0.688015 
-0.323128 
0.407185 
-0.323175 
1.13779 
-0.322623 
1.13749 
-0.688304 
-1.41808 
-1.41854 
-2.14876 
0.407872 
-1.05351 
-1.05349 
-0.688345 
-0.323039 
-2.51411 
-0.323168 
0.772482 
1.13747 
-2.14866 
-0.687969 
-0.323055 
-1.4185 
0.0421547 
0.0422901 
-1.0534 
-0.68822 
0.042329 
1.13755 
-1.05335 
-1.78305 
1.1374 
-1.05334 
-0.32301 
-0.322558 
-0.687923 
-1.41813 
-0.688191 
0.0424033 
-0.688236 
0.0420859 
0.0419374 
-1.05264 
-0.687654 
-0.688228 
-1.05329 
-0.322287 
0.772722 
0.0419682 
0.772355 
0.0420836 
1.86785 
-1.05347 
-0.688253 
-1.78375 
0.407136 
-2.14882 
-0.323154 
-0.322545 
-0.323065 
-1.05345 
0.772261 
0.407529 
0.407135 
1.50293 
-1.78359 
0.0421556 
-1.053 
0.0420467 
-0.688295 
1.50252 
-2.14895 
-0.323109 
0.40718 
-0.322338 
-2.14879 
-0.323079 
-1.41844 
-1.78324 
-0.323117 
0.0420455 
-0.688353 
-0.323064 
-0.323222 
1.86772 
-0.688271 
-1.78354 
1.50258 
0.407211 
-1.05342 
-0.322506 
-1.05346 
-0.687696 
0.407775 
-1.41829 
1.13753 
-1.05349 
-2.14895 
0.772776 
-0.323075 
-0.688306 
1.50275 
-1.05269 
2.96324 
-0.32291 
-0.688156 
1.50271 
1.50263 
0.0422346 
-1.41851 
-0.688197 
0.407329 
0.407102 
1.86776 
0.0426534 
-1.05311 
0.772418 
1.1376 
-0.323115 
0.7728 
0.772644 
-1.78357 
-2.87883 
0.0420997 
0.407151 
1.13766 
-1.41862 
-0.323163 
0.407113 
-1.05344 
-1.0534 
1.13753 
-1.4186 
-0.323074 
0.77235 
0.772509 
0.407326 
-1.05344 
1.5026 
-0.323221 
-0.688279 
-0.688231 
0.407274 
-0.323192 
-1.05347 
-3.60952 
-0.322994 
0.772259 
0.0419507 
-1.78365 
-1.4186 
-1.41863 
0.0419689 
-1.78381 
0.772522 
-0.688221 
-2.14894 
-2.51404 
0.772333 
1.1376 
-1.78375 
0.407132 
0.407543 
0.772468 
-1.05347 
1.50294 
-0.688258 
1.13743 
0.0420148 
-0.322728 
0.0425018 
0.0419799 
0.0419695 
-1.41802 
-0.688088 
-1.05352 
-1.78375 
-1.41798 
0.407202 
-0.323156 
-0.323163 
-1.41864 
1.1378 
0.0421317 
0.772424 
0.407158 
1.13738 
-1.0535 
-0.323214 
0.407447 
-2.14882 
0.407267 
-0.688207 
0.0427213 
0.407136 
-1.41856 
0.772633 
-1.41864 
0.772278 
1.50258 
-1.05329 
-0.323112 
0.0425243 
-2.14848 
0.0421366 
-1.05272 
-2.14893 
-1.41863 
0.77251 
-0.688264 
-1.05348 
0.407227 
0.40771 
-2.1489 
-2.14884 
-1.05345 
1.13762 
1.50254 
1.5028 
0.407485 
-0.323097 
-1.05349 
0.4072 
1.50259 
0.0420459 
0.407129 
0.407302 
0.772623 
0.772268 
0.0419271 
-1.41857 
-1.05328 
-0.322339 
0.0421081 
0.40714 
-0.323068 
-0.688341 
0.0421692 
-0.322947 
-0.687668 
0.0420426 
-0.322958 
0.407099 
-1.78377 
-1.05342 
0.407186 
-0.32318 
1.50253 
-0.688197 
0.0419985 
-0.688363 
1.13764 
0.407115 
1.13813 
-0.688363 
-0.688122 
-1.41857 
-0.322855 
1.50262 
0.042037 
0.0420318 
1.13761 
-1.41851 
0.407373 
-1.41867 
-1.41851 
0.0420749 
1.13759 
-0.688368 
0.40716 
0.0424817 
-1.41858 
1.13763 
-1.05343 
0.0420139 
1.13741 
0.407468 
-1.41856 
1.13741 
-0.688319 
-1.0534 
-1.41864 
-0.688182 
-0.323205 
-0.322859 
-1.05337 
0.0420949 
0.0424931 
-1.05322 
0.0427219 
0.772389 
1.86772 
0.407214 
-2.14849 
0.0420123 
-1.78376 
1.1379 
-0.688361 
-0.322518 
-0.323103 
-1.7838 
-0.323114 
-0.688322 
0.0419451 
0.0419381 
1.50253 
0.0419533 
-0.688266 
0.041943 
-1.78377 
0.0420148 
-2.51393 
1.1376 
0.772687 
-1.05329 
-0.323065 
1.86777 
0.772371 
-1.05339 
-1.41847 
-2.51366 
0.0419693 
-1.78381 
-0.322545 
0.042198 
-0.323201 
-1.78376 
0.407165 
0.408132 
0.0419478 
1.50308 
0.407128 
0.772282 
-0.688346 
0.772281 
-0.323111 
-2.87909 
-1.05325 
0.0419754 
0.0419638 
-2.14885 
-0.688199 
-1.05342 
0.407659 
0.772295 
-0.322941 
0.0420931 
1.13748 
-0.688309 
0.407231 
0.0419775 
0.0423825 
-1.05254 
-0.323177 
-1.7838 
0.0421585 
0.772334 
-2.14887 
-0.323202 
0.407117 
2.59824 
-1.78324 
0.407741 
0.772287 
1.13744 
0.772741 
-1.41859 
-0.322957 
0.407345 
-1.05326 
0.772253 
-1.41845 
-0.688336 
0.772308 
-0.688136 
0.407413 
0.0420162 
2.96318 
-1.05331 
0.0420332 
-1.41858 
0.407763 
-1.05352 
0.0420931 
0.042192 
1.8681 
1.13751 
-1.41863 
0.407216 
-0.323163 
-0.688185 
-1.05346 
0.0423825 
-0.688225 
0.772477 
0.0419719 
0.772422 
-1.41745 
-0.687802 
-0.323139 
-0.687869 
0.772329 
1.13771 
0.407136 
-1.78328 
-1.05347 
0.0420201 
-1.41849 
0.772249 
-1.05303 
-0.323181 
1.13758 
-1.78362 
0.772291 
0.772259 
0.0425835 
0.0419412 
-1.78377 
0.0421967 
-1.05349 
-1.418 
-0.323202 
0.0420688 
0.772537 
1.50268 
0.04231 
0.0419387 
-0.688171 
1.13778 
0.772849 
-0.687833 
-1.41848 
-1.05289 
-0.688286 
2.59824 
0.772548 
-0.68814 
1.86783 
-0.687886 
0.0420459 
-0.323091 
-0.688291 
-0.687841 
1.13746 
0.772892 
0.407105 
0.407181 
1.13738 
0.407533 
-0.323088 
-1.05329 
0.77233 
-0.32294 
-0.323184 
-2.51402 
-1.78309 
-0.32293 
-1.05327 
0.0421217 
0.0420701 
0.0421255 
-1.41859 
-1.053 
1.86781 
2.23283 
0.0421112 
-0.323165 
-1.05338 
-0.688054 
-0.688331 
0.0419659 
-1.41863 
-0.323222 
1.13746 
-1.41844 
-0.688042 
0.772231 
0.0421149 
-1.41865 
0.772845 
0.0419354 
1.13795 
0.408163 
0.0419262 
1.50307 
-0.68828 
-1.05269 
-0.688355 
0.0420207 
-1.05282 
-0.6882 
-1.05338 
3.32844 
-0.322499 
-2.14889 
-1.05343 
-0.323157 
1.13752 
-1.418 
0.0419751 
0.407201 
0.407275 
1.13745 
0.407121 
-1.41865 
0.772366 
-1.41849 
0.0419576 
1.86805 
1.13739 
1.86804 
-0.323031 
-0.688178 
0.0419275 
-0.323044 
-0.687513 
-1.05335 
-0.688348 
-1.0534 
0.0420045 
-0.323059 
-0.322965 
1.86786 
-1.41852 
-0.687744 
0.0419784 
0.407347 
-1.78381 
-1.05331 
-0.323204 
-1.05349 
-0.688195 
0.772673 
0.772241 
1.50277 
-1.4186 
1.13752 
-0.323016 
-1.05293 
0.407246 
-1.05339 
-1.4185 
-1.05349 
0.0421346 
-1.41808 
-1.41852 
1.5026 
0.407084 
-0.688203 
-1.41824 
-0.323073 
1.50272 
0.0419371 
-1.05333 
1.13757 
0.772532 
0.772357 
0.0419273 
-0.323168 
2.59809 
0.407229 
-0.323154 
-1.05348 
-0.323133 
0.772487 
0.772717 
0.407078 
0.407473 
-0.688276 
-1.05323 
-0.688286 
1.50252 
0.0420991 
0.407863 
0.0422628 
1.50257 
-0.688364 
-1.0534 
0.407298 
1.5026 
1.13738 
-1.4184 
-1.41864 
0.0425332 
1.13798 
1.50275 
0.40715 
0.772239 
0.407333 
0.772267 
-2.14894 
0.7724 
-0.688112 
0.407345 
0.0420656 
-1.41865 
-0.688367 
-0.688254 
0.407357 
0.407119 
0.77248 
-0.688305 
-1.41858 
0.40713 
0.0419322 
-0.322915 
-0.32264 
-0.687944 
0.407532 
0.407284 
-0.32313 
-0.688259 
0.772468 
0.407208 
0.0420478 
2.2329 
0.407077 
-0.6881 
-0.32303 
-0.323044 
-0.322877 
0.0419649 
-0.323173 
1.86782 
0.772245 
-0.323207 
0.407137 
-2.14891 
-1.05351 
0.0419808 
-1.05313 
-0.68835 
-1.05344 
0.407145 
1.13755 
-0.32322 
0.772566 
-2.1489 
-1.05327 
0.40729 
-0.322797 
2.23287 
0.0420296 
-0.323013 
-1.05322 
0.407785 
0.0419491 
-0.688189 
-1.41853 
1.50431 
-0.323099 
-0.688242 
0.407085 
2.5984 
-0.323179 
-2.51394 
-1.41849 
0.04214 
0.0423273 
0.772565 
0.0419643 
-1.05352 
0.772339 
0.042176 
-2.14883 
-0.68835 
-0.323127 
-1.05341 
-1.41809 
-2.14841 
2.23293 
0.407488 
-1.05352 
-0.323167 
-0.322881 
-2.51411 
0.407222 
-0.323079 
-0.323191 
2.23283 
-0.323105 
-0.68821 
0.77234 
-1.41866 
0.0421187 
-0.688027 
0.407279 
-0.688342 
0.407497 
1.13774 
-0.323077 
1.5032 
0.407329 
0.772406 
-1.41845 
-0.687922 
1.13745 
-0.688145 
2.23291 
-1.41865 
1.50284 
0.772304 
0.0419737 
0.407097 
0.772282 
-2.51368 
0.772251 
-1.78361 
1.13755 
1.13741 
1.13748 
1.86798 
-0.323083 
0.407138 
0.0421637 
0.0422654 
-1.05327 
0.407289 
-0.687934 
-1.78361 
-2.14849 
-1.78312 
-0.323221 
-1.05311 
0.407107 
0.407635 
0.772433 
-0.688354 
-1.78349 
-0.323208 
0.772615 
-0.323042 
-0.323142 
-0.688343 
1.50321 
-1.41844 
-1.78375 
-1.41837 
-0.323216 
-0.322685 
0.0421896 
1.13748 
-1.78367 
-0.322885 
-0.688361 
1.50259 
-1.05319 
0.0423193 
0.0423005 
0.0422073 
-0.688111 
-1.05337 
-0.321945 
0.04202 
-1.05345 
0.407327 
0.0421875 
-1.05303 
-0.688292 
0.0419631 
0.772321 
-1.05329 
-0.32305 
0.407327 
-0.323183 
-1.05352 
0.772259 
-0.323106 
0.772459 
-1.7838 
1.5027 
1.50272 
1.13754 
1.50274 
0.772239 
1.50253 
-1.78365 
0.407255 
-0.688136 
-2.5134 
0.407189 
0.77262 
-0.323173 
0.0420866 
-0.688291 
-1.78378 
-0.323182 
-0.687996 
0.772982 
1.86781 
0.407079 
-0.688302 
-0.323056 
2.23342 
0.407125 
-3.2443 
0.0427301 
0.0421551 
-1.78374 
-1.41851 
2.59844 
0.77256 
-0.687973 
1.86782 
0.40717 
-0.323068 
-0.322601 
1.13752 
1.86777 
0.0421041 
-0.68829 
