0.0421523 
0.772276 
1.86769 
-0.688155 
-2.14882 
-2.5139 
-0.323197 
-0.688212 
-1.41865 
-0.322992 
1.50304 
-0.687751 
1.13738 
-0.687317 
1.13766 
-0.688358 
-0.323155 
-1.41858 
-0.323189 
-0.32283 
-1.78372 
-0.688249 
-1.0535 
-1.05345 
0.407204 
0.0419926 
-0.688093 
0.772321 
-1.0534 
1.13744 
-0.688113 
-0.687744 
-0.688287 
1.50259 
-1.78373 
-0.688184 
0.0420911 
-1.05339 
0.772358 
1.13747 
-1.05307 
0.772338 
1.86771 
0.0421737 
1.5028 
0.772511 
-1.41833 
1.50265 
-0.322778 
-0.323162 
-0.323214 
0.772665 
-0.688231 
-0.322498 
-1.05341 
-0.68811 
-0.68778 
0.772706 
2.2332 
-0.322958 
-1.41867 
-0.688171 
0.407225 
-0.688349 
0.0426045 
-0.688165 
-0.687953 
0.0420127 
-3.24414 
-0.688232 
0.0419393 
0.0425831 
0.0421444 
-1.7838 
0.772296 
0.772458 
-1.41861 
-0.688262 
0.407515 
1.50254 
-1.05323 
0.041928 
1.50264 
-0.687996 
1.50273 
-1.41866 
1.50282 
-0.687735 
1.50292 
0.0423229 
0.772256 
1.86785 
2.23334 
-0.68833 
-1.05336 
-0.322227 
-2.51374 
0.40719 
0.407487 
0.772481 
0.04199 
0.0420203 
0.407514 
-0.688038 
-1.05347 
-0.322187 
1.13783 
0.407141 
-0.688177 
0.407159 
1.50267 
0.0419616 
1.13762 
0.407452 
0.407373 
0.407285 
0.407213 
-0.322846 
2.23292 
0.772238 
2.23336 
-0.32314 
0.772259 
-1.05346 
-1.05332 
-0.322762 
0.772332 
-0.322243 
-1.4182 
-2.14893 
0.407185 
1.50257 
0.0423747 
-1.78381 
-0.322879 
-0.687893 
-1.05347 
1.13739 
0.77246 
-0.322996 
-2.14885 
0.0422255 
0.0420657 
1.13764 
0.407634 
0.0425865 
-1.41862 
0.407115 
0.0421081 
-0.688236 
0.0419953 
1.50285 
-0.323101 
-0.323216 
0.0421231 
1.50266 
0.407402 
-1.05349 
0.042022 
-1.05333 
0.0430444 
-0.688265 
0.407178 
-0.688265 
0.407689 
-0.323126 
-0.688167 
0.0420102 
0.407167 
0.407276 
-0.32306 
-0.323138 
0.772323 
0.407799 
0.772258 
0.407113 
0.407233 
1.50262 
0.0420661 
-1.78344 
0.407629 
-1.78377 
1.13788 
2.23293 
-1.05334 
0.042048 
0.0422402 
1.13764 
-1.41865 
-2.14844 
-0.688343 
-0.323197 
-2.51347 
0.0420784 
0.772343 
0.0424112 
0.0419512 
1.86778 
-1.05348 
0.0419969 
-1.78377 
-1.05328 
0.0420391 
0.0421074 
-1.41863 
0.407099 
-1.41834 
-1.41866 
-0.688322 
1.86795 
0.407237 
-2.51388 
-2.51393 
0.772608 
0.772561 
-1.05339 
-0.323169 
1.50307 
0.0421576 
-0.322784 
-0.322679 
-0.688306 
-0.323174 
0.407135 
0.772333 
0.77242 
-1.78352 
-1.78375 
1.50257 
1.13738 
-1.41805 
1.13785 
0.0421583 
0.407479 
-0.687884 
1.13858 
-0.32317 
-2.14881 
1.50273 
-1.05348 
0.407272 
-2.51395 
0.772238 
1.86817 
0.0420728 
0.0419328 
0.407428 
2.23295 
-1.78365 
-1.41839 
-0.688259 
-0.688213 
1.86774 
0.407379 
1.86848 
-1.0535 
-1.41856 
-0.323179 
0.407083 
-0.68831 
-0.3226 
1.13743 
-0.688099 
-1.41852 
-1.41864 
0.0420204 
0.772227 
-0.323215 
-2.14874 
0.772295 
-0.688336 
2.23289 
-0.688037 
0.407149 
-0.323199 
-2.14892 
-1.05347 
0.407282 
0.407133 
-0.688299 
1.13745 
0.0419533 
-0.687971 
-1.05347 
-0.322724 
0.77252 
-0.688243 
-1.05339 
0.0420173 
0.0419713 
1.13741 
1.13742 
0.042115 
-0.688361 
-0.688252 
0.772308 
1.13738 
0.0421253 
-1.78355 
-0.323147 
-1.05329 
1.13749 
0.407088 
0.772378 
0.407131 
0.7727 
-1.05315 
1.86837 
-0.688186 
-1.78365 
0.40739 
-0.688266 
-0.688293 
1.13773 
-1.41864 
0.407129 
-0.323212 
0.407864 
1.13746 
0.40726 
-1.41862 
0.772558 
0.407289 
-0.68791 
0.041945 
-0.688216 
-0.323213 
0.407262 
-0.322973 
0.772236 
-0.68783 
-1.4185 
-0.32282 
-2.87925 
-1.05334 
0.042203 
-0.687961 
-1.41866 
0.407326 
0.772291 
-0.323091 
-0.32264 
1.86786 
1.13751 
0.407348 
-1.41865 
-2.51387 
-0.322784 
0.772331 
-0.322533 
-1.05348 
-1.41856 
0.772366 
1.50254 
0.0419443 
-1.4184 
0.0420925 
0.0419754 
-1.41865 
-0.688275 
0.407883 
-2.14871 
-1.05343 
0.407125 
-2.14797 
-0.68826 
-0.688018 
-1.0535 
0.407656 
0.0420858 
-1.05348 
0.0419869 
-0.688094 
1.13775 
-1.78378 
-0.688144 
0.40765 
-1.05335 
0.407621 
-0.688165 
0.772469 
-0.322924 
-0.323052 
0.772368 
0.773147 
1.13741 
-1.78363 
0.407085 
0.772661 
-0.688181 
-0.323004 
1.50265 
-0.688059 
-0.688352 
0.0423201 
-0.687784 
-0.688234 
-0.322979 
-1.41862 
0.772796 
-0.687823 
0.407076 
-3.97427 
0.0419463 
-1.05346 
-0.323088 
-1.78357 
0.0419751 
0.407345 
2.59815 
-0.688181 
-0.68834 
0.772669 
-1.41858 
1.13756 
-2.51368 
0.0419392 
0.772422 
0.772312 
1.86799 
0.0421827 
-0.323079 
-1.05316 
-1.78329 
-0.323055 
-2.14886 
-1.41841 
-2.87915 
-0.323099 
1.13748 
1.86768 
-1.05301 
-1.05336 
0.772252 
1.13754 
-0.323189 
-0.688131 
0.407912 
-0.32293 
-0.687301 
-1.05266 
-0.688362 
0.407096 
0.407692 
0.407464 
-0.323219 
0.772319 
0.0423604 
1.13763 
0.0421731 
-1.05328 
-1.78365 
2.59855 
0.0421412 
0.772276 
-0.688067 
-1.05335 
-0.32299 
0.772245 
1.8679 
-3.24421 
0.041953 
0.772526 
0.407144 
0.407179 
0.407357 
1.13789 
-2.14876 
0.407355 
-0.68754 
1.50255 
1.50276 
-0.323002 
0.041999 
-2.14878 
0.407223 
1.1377 
-0.32287 
-0.323177 
-0.688316 
0.0422086 
1.50269 
-1.05351 
1.13773 
-0.322865 
0.77233 
-0.32319 
-1.41862 
-0.68781 
-0.323104 
-2.14878 
-0.323169 
0.041977 
0.0420439 
0.0419752 
0.772329 
0.407914 
1.13779 
-1.41837 
-1.05348 
0.772291 
