0.408234 
1.50266 
-1.05324 
-2.87926 
0.042003 
-1.78333 
0.0419689 
0.0419294 
0.772259 
0.407193 
2.23292 
-1.41792 
0.772552 
-0.688352 
0.772312 
-1.41859 
-0.323078 
0.408219 
-1.05326 
0.407204 
1.13755 
-0.688279 
1.13791 
-0.688362 
-1.05349 
0.772231 
-0.323168 
-0.688226 
-2.14851 
1.50254 
0.772472 
-0.688266 
-0.32298 
-1.05351 
-0.688338 
0.772627 
2.23294 
-0.688104 
0.407354 
-0.323144 
-0.323216 
1.1381 
1.50276 
-2.51396 
2.96322 
-0.688116 
-0.32312 
-0.688355 
0.407589 
0.407193 
1.1374 
-1.05343 
-0.322541 
-0.68823 
2.23327 
0.772264 
-1.05338 
-0.688258 
2.23362 
-0.322977 
0.0420431 
-1.05348 
0.772492 
0.407177 
0.407328 
-1.05344 
-1.78375 
-0.688355 
0.0419283 
-1.41846 
1.86776 
-0.687883 
0.407137 
0.772409 
-1.05313 
-0.322896 
-0.688355 
0.0420801 
-2.14886 
0.407228 
-1.05297 
0.0419332 
-0.323148 
-2.879 
-0.687704 
1.50257 
-1.05334 
1.50265 
-1.41812 
-1.78377 
1.13751 
0.772231 
0.407121 
-2.51405 
-2.14889 
-1.05348 
-1.7836 
0.407397 
1.86803 
-1.05291 
0.407317 
-1.41865 
-1.05331 
-0.32294 
-1.78344 
2.23295 
2.59801 
0.407207 
-0.32268 
-0.322633 
-1.41827 
2.23285 
-2.14892 
0.041983 
0.407134 
-0.68828 
0.0419745 
0.0420967 
-0.322941 
0.772371 
-1.41864 
2.23288 
-0.322922 
-0.688243 
-1.05343 
0.407386 
-2.14849 
-0.323199 
0.407351 
-1.78346 
0.0420969 
-1.05321 
1.86782 
0.407114 
-1.41844 
-1.05237 
0.772397 
0.407364 
-1.05294 
-0.68834 
-0.687952 
-0.323044 
0.0424631 
-0.688201 
-0.688368 
-1.05334 
-1.05326 
1.1375 
-1.05297 
-1.41863 
0.407143 
0.0420105 
1.50264 
-0.322923 
-0.323124 
0.407108 
1.13772 
-0.322911 
-0.322983 
-1.05351 
1.50266 
-1.41862 
1.13772 
0.772354 
0.407113 
1.13742 
1.13742 
-1.78374 
-1.41817 
-0.323071 
0.772235 
-1.41858 
-1.4185 
-1.41857 
1.13739 
1.50348 
-0.688054 
1.13753 
1.13772 
0.772438 
0.042093 
-0.688349 
-0.323211 
-0.68832 
0.772485 
1.13738 
-0.322997 
-0.322813 
-2.14849 
1.13777 
0.772796 
-0.688322 
0.0424622 
0.772321 
-0.323175 
0.772343 
0.0421458 
-0.323022 
-0.688323 
-0.323215 
0.772873 
0.0431089 
0.407268 
-0.322584 
0.407512 
0.0420325 
1.13755 
1.5027 
-0.32301 
0.0424278 
0.0419734 
1.50257 
2.23334 
-1.05351 
0.40718 
0.407161 
-0.688035 
-1.05343 
1.13741 
-0.68819 
-0.323091 
-1.05332 
0.772226 
-1.41833 
1.86767 
-1.78356 
-1.41833 
-0.688285 
-0.688341 
0.0420532 
-1.05334 
-0.688339 
-0.322932 
-0.323135 
0.7724 
-1.78368 
1.50263 
0.407187 
0.407696 
0.0423938 
-0.323092 
1.13743 
-0.323142 
0.0419795 
1.1374 
-0.688198 
-0.688319 
-1.78305 
-2.14845 
-1.78381 
0.0423369 
0.0419739 
-0.323133 
-0.322947 
1.86773 
1.86794 
-1.41856 
-1.053 
0.772462 
0.772664 
-1.78373 
-1.05319 
0.407275 
0.407126 
0.407128 
-1.05325 
-0.322664 
0.772239 
1.13741 
0.0421783 
-0.6881 
0.772367 
2.23295 
0.407179 
-1.05283 
0.772392 
0.0424248 
0.0420604 
0.77265 
1.50311 
0.77234 
-0.323145 
-1.05333 
-2.51401 
1.13742 
0.0423326 
-1.41843 
-1.05328 
-0.688066 
-0.688097 
0.407096 
1.86779 
1.13778 
-0.687721 
0.407412 
1.50271 
-2.14868 
-1.0535 
0.772279 
0.772456 
-1.05337 
1.1374 
1.5027 
0.77317 
-1.05321 
0.0419824 
-2.51315 
0.407672 
-0.323112 
0.0423037 
-0.688347 
-0.32274 
-1.41855 
-1.05348 
0.407611 
-1.78377 
0.40709 
-0.323167 
0.772373 
0.407272 
-2.14849 
0.407504 
-1.41864 
-0.323 
0.772592 
1.5028 
0.0423705 
0.0421752 
0.772328 
-0.688146 
-0.323175 
-0.688334 
0.0419963 
-0.323009 
0.772291 
0.772315 
0.0419319 
0.407109 
-0.688058 
1.13741 
-0.322912 
-0.688197 
0.408018 
-0.688355 
0.77241 
-1.05352 
0.407083 
2.59807 
-2.14873 
0.0424106 
0.0419426 
-0.323143 
0.772299 
-0.688124 
0.772275 
0.772247 
0.0426779 
-0.323197 
0.0419668 
-2.14872 
-1.05344 
-1.4186 
-0.322788 
1.13766 
1.86821 
0.407129 
-1.05309 
-0.32318 
-0.323119 
-0.322971 
0.0419647 
-0.68814 
-0.32281 
-1.41845 
0.407232 
0.407132 
1.13747 
0.407146 
0.0420696 
-1.78377 
0.407149 
0.772444 
-0.688079 
0.0419929 
0.0422778 
0.407503 
-1.78363 
1.13762 
-0.322546 
-1.05344 
-2.5134 
0.407113 
-0.323084 
-1.41829 
1.8677 
1.13758 
-1.41865 
0.407281 
-0.687885 
-1.78372 
-1.05337 
-0.688311 
-1.41836 
0.407134 
-1.0535 
0.0419621 
-3.60937 
-1.05337 
0.772411 
0.772373 
0.0420793 
-2.51314 
-0.3231 
0.772647 
-1.78327 
-1.05347 
-0.322999
-0.323075 
-1.78324 
1.13764 
-2.14872 
-0.688063 
-2.14857 
-0.688206 
-0.323198 
-0.323123 
-0.32319 
-0.688325 
-1.7837 
-2.14895 
-1.41822 
-1.41864 
0.407147 
2.23287 
0.407239 
-0.3229 
0.407442 
-0.688327 
-1.05322 
0.0420281 
-1.41859 
-0.323106 
0.77266 
0.407313 
1.13853 
-0.322607 
-0.688294 
0.407256 
1.86791 
-0.322862 
-0.322942 
1.13742 
-0.688083 
-1.05325 
0.0419792 
-1.78346 
0.772878 
0.0419933 
-1.05344 
-0.687712 
-1.05344 
-0.688147 
-1.0532 
0.772782 
0.0423451 
1.50259 
0.772746 
-1.41861 
-1.41859 
-0.688153 
0.0419884 
0.0421442 
-0.688313 
-0.688219 
0.772276 
0.0420282 
-0.688263 
0.77224 
-1.41859 
-1.78374 
1.13738 
2.23283 
2.23291 
-1.0529 
-1.78371 
-1.41838 
-1.0535 
-2.14896 
0.0420849 
-1.78369 
1.86789 
0.0420473 
-0.688314 
0.407262 
0.04256 
-0.688271 
0.772233 
-0.688189 
-0.687802 
0.0419431 
-0.323176 
0.407725 
1.13745 
-1.41811 
-3.24436 
0.0420885 
0.0421535 
0.407167 
1.13741 
-1.41816 
0.0419916 
-1.05329 
0.772403 
-0.688316 
0.0419683 
-0.322972 
-2.51396 
-0.323106 
0.772242 
-2.87886 
-1.78356 
-2.14865 
1.13755 
1.86776 
0.772642 
-0.68831 
0.0420503 
0.0420187 
0.0421411 
0.0429952 
0.407155 
0.407365 
-1.0535 
0.772693 
-2.14888 
-1.05344 
0.407349 
-0.687558 
0.407155 
0.0419431 
-0.688127 
0.0419878 
-1.41843 
