0.772575 
-0.688369 
-0.688313 
2.23327 
1.50254 
0.0420683 
-0.322891 
1.13741 
-0.688082 
-0.688349 
-2.1488 
-1.41837 
-0.688358 
-0.322677 
0.0420257 
-0.323201 
-1.05333 
-1.05352 
0.0422657 
1.13744 
-0.323156 
-0.688278 
-0.688356 
1.1374 
0.407187 
1.86793 
-0.688264 
0.0427866 
-1.4186 
-1.0535 
-1.78368 
0.407082 
-0.688211 
-1.41852 
0.042231 
-0.688031 
-1.7838 
-1.05348 
-0.688348 
2.23287 
-0.323089 
0.0419406 
0.407187 
3.69352 
0.407795 
-0.323033 
0.0419337 
0.772294 
-1.05296 
0.407206 
-0.688308 
1.13743 
0.0425774 
0.407079 
2.59815 
1.50257 
-1.05318 
-1.05311 
1.13743 
0.0420861 
1.50264 
-2.51408 
0.772435 
1.86797 
-1.7837 
2.96314 
1.50259 
-0.688246 
0.407099 
-1.05286 
-2.14879 
-1.05335 
0.407146 
-0.323101 
0.042145 
-1.41866 
0.40773 
0.0426168 
0.772235 
-1.41861 
0.407128 
-0.688326 
0.772511 
-0.688214 
-1.0535 
0.0421799 
0.772623 
2.2329 
1.13744 
-0.323165 
2.23293 
-0.688243 
-1.05344 
0.40719 
-1.41867 
2.59806 
-0.688339 
0.042124 
0.407281 
-0.688032 
0.407176 
0.772572 
-1.7837 
-0.688178 
-0.323105 
-2.14896 
0.0421039 
0.407076 
-0.688297 
0.407502 
0.772315 
-0.323185 
-0.323217 
-0.688346 
-1.41859 
1.13741 
1.13749 
0.77271 
1.50264 
-2.14822 
-0.688333 
-1.05299 
1.86774 
-1.05346 
1.13754 
-1.05351 
-0.688365 
-0.323214 
0.407199 
-0.688328 
0.407205 
-0.323163 
-0.322857 
-1.7837 
-0.32301 
-1.05322 
-2.14885 
-0.322997 
-2.14896 
-1.41858 
0.0421237 
-1.78363 
0.407341 
-2.51315 
-0.688002 
1.13739 
0.407449 
-0.688308 
-0.688319 
-0.323191 
0.407108 
-1.05333 
0.407335 
1.50296 
0.042139 
-1.05346 
1.50293 
-0.688104 
0.772395 
-0.688366 
0.407116 
0.407174 
-2.14855 
-1.05341 
-0.32319 
1.13745 
-1.4185 
-0.322493 
0.772328 
0.0420602 
0.042029 
0.40728 
1.13768 
-0.688191 
-1.41866 
-1.41837 
-2.51369 
-1.05325 
0.772226 
2.59798 
0.40716 
0.407333 
-2.51365 
0.0419661 
-1.05346 
-0.688221 
-2.14886 
0.772223 
0.0421287 
0.407091 
1.86781 
0.772667 
0.772344 
-0.323055 
-0.688231 
-2.14885 
0.772247 
-1.41852 
-1.05345 
0.407092 
0.0420356 
-1.05327 
-0.32312 
0.772296 
0.407076 
0.772406 
-0.322783 
1.8677 
-1.41865 
1.86776 
-2.14884 
-1.05343 
1.50275 
-0.323222 
0.772616 
-0.68833 
0.0420744 
0.0422344 
0.772227 
0.772727 
1.50267 
1.1381 
-0.323095 
-1.41846 
-1.41825 
0.772226 
0.0420207 
-0.688355 
-0.322817 
-0.323113 
-0.322872 
0.0420705 
1.13753 
0.041962 
0.407188 
-0.688096 
-1.78364 
1.1375 
-1.0533 
-1.41857 
-0.323204 
-0.323019 
0.407298 
-0.323056 
-0.688088 
-2.14869 
-1.41787 
0.407185 
-0.688331 
1.86769 
0.407198 
0.407123 
-0.322449 
-0.688223 
-0.322621 
-1.41854 
0.407187 
0.77256 
-1.05347 
0.407149 
-2.51294 
0.40718 
0.407095 
-0.323067 
2.23329 
0.0426119 
-1.41841 
1.50271 
0.0420221 
-1.41844 
0.407159 
-0.688327 
-1.7836 
2.23373 
0.772241 
0.407108 
0.40735 
2.23287 
1.50261 
0.772487 
0.407442 
-1.05346 
1.50322 
0.772369 
-1.78371 
-1.41836 
0.77224 
0.407204 
-0.323139 
0.772337 
-0.688079 
-1.05351 
-1.41865 
1.50263 
0.772579 
1.13769 
-1.41861 
0.407504 
1.13803 
-1.05332 
-1.4186 
-1.78363 
1.50272 
-1.05348 
-0.688155 
-1.05319 
-0.323138 
0.772313 
0.772321 
1.13745 
-1.41849 
-1.05262 
-1.0522 
-1.05346 
-2.14882 
-1.41839 
-1.05341 
-0.323024 
-2.14891 
-1.05349 
0.0419889 
-0.68834 
1.86786 
0.0422708 
1.13751 
0.0422616 
-0.688187 
1.50308 
0.0420817 
-1.05352 
-1.78371 
0.0419412 
-1.05343 
1.13757 
-0.687827 
-0.688353 
-1.78354 
-0.322987 
-0.32312 
-0.688358 
-0.688349 
-0.323108 
-0.688034 
-0.323196 
-0.322514 
-1.41833 
-1.05261 
-1.05346 
0.0420797 
0.407353 
1.13808 
1.50282 
0.0420174 
-0.32322 
-0.68764 
-0.688088 
0.407578 
-0.3225 
-0.687477 
0.0422089 
0.407262 
-1.7836 
-0.687909 
-0.323128 
0.407655 
0.0420535 
-0.323156 
0.0422647 
-1.05304 
0.7723 
-0.323189 
0.40717 
-2.14877 
0.772625 
-0.322745 
-1.41812 
-1.05351 
-1.05345 
0.407296 
-2.87923 
0.407524 
1.50272 
2.96314 
0.0424011 
2.23304 
-1.78338 
0.0420502 
0.772869 
-0.688264 
-1.78356 
-2.14855 
-1.78367 
-1.05327 
0.042206 
1.50266 
0.407125 
0.0423793 
1.50263 
-2.14874 
1.13742 
0.772241 
0.772568 
-2.14888 
0.0424253 
-0.322999 
-0.688067 
0.772268 
1.1375 
-0.688138 
-1.05344 
-0.688241 
0.0419279 
-1.78365 
-1.05323 
-0.688345 
0.772252 
-0.688318 
-0.688347 
-1.05344 
-0.323158 
-0.688348 
0.407474 
0.40709 
-1.05319 
-1.05343 
-0.323157 
-1.41862 
-1.05306 
-0.687935 
-0.688319 
-1.05352 
0.407399 
0.407545 
-0.323012 
1.86823 
-1.05348 
0.407188 
1.13759 
3.32832 
-1.05341 
-1.05341 
0.0420846 
0.407165 
1.50272 
1.13739 
-1.41855 
0.772254 
0.0422543 
-1.41863 
-0.322643 
-0.687712 
1.13768 
-1.05329 
-0.688357 
-0.322848 
0.407392 
0.0419818 
0.407085 
-0.32307 
0.772856 
-0.323022 
-0.32213 
-0.322672 
-0.688313 
-0.688091 
-1.05338 
-0.688255 
-0.322548 
1.13756 
0.407145 
1.50254 
0.407104 
-1.05352 
0.772935 
0.0419678 
0.772775 
-1.41835 
1.5026 
2.96366 
1.50274 
0.0419488 
-1.05323 
0.0419725 
-0.323155 
0.407196 
-0.322896 
0.407141 
1.50278 
-0.688285 
-0.687781 
1.86781 
-0.323048 
-0.323152 
0.0419761 
-0.68805 
0.0425381 
1.50262 
0.772898 
2.59819 
-0.32322 
-0.323042 
-2.51406 
-0.323205 
1.50258 
0.772377 
0.407233 
-2.51398 
-0.322486 
0.772616 
-1.78347 
1.13746 
0.77224 
0.772387 
1.1382 
-0.687976 
-0.323089 
0.40722 
-2.14878 
-0.688318 
0.0419609 
-0.688346 
1.1374 
1.13751 
-1.78375 
-0.32313 
1.13751 
0.772309 
-1.41794 
-0.323118 
-0.3232 
-0.322939 
1.5029 
1.13751 
0.77279 
-0.688084 
-0.688355 
-1.05258 
0.407112 
0.0421855 
0.407136 
-1.05352 
0.407184 
-0.688358 
0.772509 
-0.323102 
0.407468 
-1.41862 
1.50257 
-1.41849 
1.13783 
0.0419634 
0.0421462 
-1.41855 
0.407151 
1.86777 
-0.323185 
1.13757 
-0.687879 
0.77279 
0.0420156 
-1.41846 
0.0421958 
2.23287 
-1.0535 
-0.323132 
-1.05318 
0.772461 
-1.41847 
0.40713 
1.13755 
0.407465 
0.772433 
-0.323102 
-1.41767 
-0.688292 
1.1376 
-2.5139 
-0.688355 
0.407597 
0.0422728 
-0.323216 
-1.05351 
-0.322661 
0.772683 
0.407193 
-0.322238 
-0.323175 
0.0420697 
0.0427036 
-1.41835 
2.23282 
-0.688371 
-1.41826 
1.13753 
-0.323057 
0.0422038 
-1.41802 
0.772371 
-0.688151 
1.13742 
0.0421103 
0.0423787 
-0.68814 
-2.14806 
-1.41826 
0.407096 
-0.323198 
-1.05339 
-0.688252 
0.407282 
0.0424381 
-1.41854 
0.40735 
-1.7837 
-2.14896 
-1.41851 
0.0420411 
0.407472 
0.407381 
0.407116 
1.13746 
-1.05306 
-1.41859 
-0.688263 
0.0419304 
-0.688191 
-1.4185 
-1.05343 
1.50271 
-0.687898 
0.407132 
0.7723 
-0.323006 
-1.05326 
-1.41851 
0.0423271 
1.13759 
0.772773 
1.50253 
0.0423315 
0.0420538 
-1.78371 
-0.323196 
-0.323205 
0.0421094 
-0.323201 
0.407438 
-0.322807 
0.407358 
-1.05341 
-2.14895 
1.86826 
0.0419321 
-1.41861 
-1.05344 
0.772522 
0.407163 
-0.322851 
-1.41839 
1.13745 
0.40812 
1.86824 
0.407134 
-1.41848 
0.407079 
-1.0533 
0.0420242 
-0.688283 
0.0419393 
-2.87895 
-0.322789 
-0.322609 
-0.688304 
-1.05343 
0.772364 
-1.41822 
0.772303 
-0.68819 
-1.78306 
0.407275 
-2.14876 
-1.41826 
0.772354 
-0.323222 
0.772292 
1.13775 
-0.323076 
1.8678 
-0.688144 
0.0426177 
-1.41848 
0.0423776 
-0.323189 
-0.323076 
0.772677 
-0.68834 
0.0421705 
-0.323168 
1.50286 
0.0419374 
-0.688238 
-0.687952 
-1.05306 
0.0423216 
0.772641 
-1.05342 
0.0423475 
1.1375 
-1.05312 
-1.78357 
1.50274 
0.772779 
-0.323196 
-0.323169 
0.0419516 
-0.322969 
-0.323207 
-1.41865 
0.0420686 
1.13757 
-0.322449 
-1.05351 
-1.41839 
-0.323156 
0.772485 
0.0420542 
-1.78353 
-1.78378 
-2.51361 
0.042171 
0.0420904 
0.0424103 
0.0420278 
-1.05344 
-0.688281 
-0.323064 
1.50267 
0.407139 
0.0420529 
0.407634 
-0.32291 
0.0424387 
1.13771 
-1.41845 
-1.4186 
-0.32309 
-1.05339 
-0.688063 
1.50318 
-0.688127 
-1.41862 
1.13775 
-0.323071 
0.0419334 
-1.41815 
0.407113 
0.772531 
-0.688123 
0.772394 
0.0421058 
-1.78357 
0.772431 
-1.05342 
-1.41837 
-0.688361 
0.407104 
-0.687682 
0.407484 
0.0423398 
0.77233 
-0.322966 
-2.14833 
-1.05347 
-0.323206 
0.772924 
-0.323095 
2.59821 
-0.323011 
-1.41862 
-0.688277 
0.407214 
0.0419926 
0.772392 
-1.05351 
0.407294 
1.86769 
-0.688113 
-0.322983 
-1.05343 
-0.688224 
-1.41865 
1.13737 
-0.323166 
0.0428653 
1.13742 
-1.78363 
-0.688288 
-0.688326 
0.0422583 
0.407642 
-0.688054 
0.772537 
0.0420025 
0.772745 
1.13759 
-1.41862 
0.0419911 
0.0420709 
1.1376 
1.13742 
-1.41859 
0.772238 
0.772287 
0.0420094 
-0.323122 
0.0419869 
0.40747 
-3.24438 
-0.323015 
0.042098 
-0.322281 
-1.05295 
-1.05346 
-0.688188 
-0.323092 
-0.688306 
1.86801 
0.407316 
-0.688242 
-0.323105 
-0.323113 
0.0419536 
-1.05344 
0.0419323 
-1.41863 
-0.688259 
0.407567 
-0.688313 
0.772598 
0.772649 
0.0421813 
-1.41865 
1.13745 
-1.41855 
-1.78359 
0.40757 
-1.0532 
0.407244 
-0.68837 
0.042263 
0.0421142 
-0.323199 
-1.05347 
-0.687991 
-1.05262 
1.13739 
0.0425809 
-0.322338 
0.0420422 
-0.688223 
0.772764 
0.407083 
0.407211 
-0.323129 
-0.322635 
-1.0535 
-0.688233 
-0.688291 
0.0419992 
0.0422357 
-0.323061 
-0.68833 
1.50257 
0.0422252 
-1.05339 
0.407144 
0.407314 
-0.32257 
0.772484 
1.13756 
-0.688081 
1.13739 
-1.05337 
1.13743 
-2.14783 
-1.05337 
0.407215 
1.13791 
0.407614 
0.0419273 
1.50254 
1.13752 
1.13745 
-1.05352 
-2.1479 
1.50277 
-2.51373 
-0.323029 
-1.0534 
0.0419447 
-1.78361 
0.407213 
-1.78371 
-0.323133 
-0.688284 
-0.323075 
0.772342 
1.86791 
-1.05296 
-1.05338 
-1.78354 
2.96315 
1.13769 
-1.05301 
-0.688195 
-1.05306 
0.0420404 
0.407216 
-0.322983 
0.772359 
-1.41854 
-1.78376 
-1.05327 
1.13832 
-0.687956 
1.13779 
0.407075 
-1.41848 
0.407101 
0.407093 
0.772249 
-0.322915 
0.772633 
-1.05326 
0.407217 
1.13763 
0.772468 
0.772383 
-1.05352 
-0.687927 
-1.41825 
-0.688122 
1.50256 
-0.688295 
-0.323027 
-1.78362 
-1.0535 
0.407312 
0.407718 
-0.323188 
0.407417 
0.772399 
-1.78305 
1.13755 
-0.687786 
-0.688249 
0.0422519 
-1.05305 
-0.323043 
0.772365 
-0.688306 
0.772286 
-0.687461 
-0.688226 
-0.688297 
-1.05327 
0.407841 
0.0419937 
-0.68828 
-2.14874 
-1.41858 
1.86798 
1.86788 
-1.05342 
-0.321669 
1.86777 
1.50302 
-1.05332 
-1.41855 
-1.05345 
-0.323166 
-1.78352 
-2.14873 
1.50288 
0.407393 
0.0419427 
-1.41847 
0.042008 
-1.05313 
-1.78373 
0.0425862 
0.772396 
0.772269 
-0.323019 
-2.1486 
0.0421674 
-1.05344 
-0.323155 
-0.323031 
1.13748 
-0.687863 
1.86822 
-1.41794 
-1.0534 
-1.78381 
0.042048 
-0.688333 
0.407097 
0.0421851 
1.13776 
1.1375 
1.13739 
0.407215 
-1.05267 
-0.322948 
-1.41853 
0.0420028 
-1.05322 
-1.78289 
-0.323005 
-0.322772 
-0.688296 
-0.322685 
-0.688211 
-1.41865 
0.407582 
-0.323107 
-1.05343 
-0.32298 
0.407272 
-0.688296 
1.50266 
-0.322923 
0.772669 
0.407105 
-0.688211 
0.407194 
0.772254 
0.77229 
0.0419517 
0.407294 
0.0419431 
0.0421823 
-1.41806 
-1.41855 
-0.688264 
-1.41855 
0.407163 
0.772268 
-0.688278 
-1.05348 
0.772335 
-2.14867 
0.0423875 
0.407668 
-0.688285 
-0.688326 
0.407366 
0.772428 
-1.0532 
0.407245 
-3.24411 
0.042427 
-1.78381 
-1.78365 
0.772306 
1.50335 
-0.323051 
0.407121 
1.86774 
0.407177 
0.772401 
0.0421367 
0.407197 
-1.05345 
-0.32282 
1.50258 
1.50254 
-2.87905 
0.772425 
0.0421913 
0.772543 
-0.68836 
-2.14896 
1.50258 
-0.688236 
1.50273 
-0.322801 
-1.41817 
-0.323193 
0.772561 
0.407078 
-1.78331 
-1.05302 
-1.41828 
-0.323116 
0.772352 
0.0421445 
-1.41862 
0.0419483 
2.23371 
-2.14893 
-0.32313 
0.0419981 
-0.68811 
0.407386 
-2.1486 
0.407464 
-1.05291 
0.772233 
0.0419337 
0.0420909 
0.772245 
0.408661 
-1.05317 
-0.687248 
0.0421359 
-2.14893 
0.04206 
-0.688369 
0.407431 
0.0422277 
-1.41864 
1.13746 
0.0420329 
-1.05337 
-0.688339 
-0.688225 
0.772314 
0.772496 
-0.322957 
-0.323124 
-1.78353 
-0.323113 
0.0419684 
-1.05311 
-2.51387 
1.50253 
-1.05335 
0.772247 
-0.323121 
-0.323175 
1.13747 
2.23284 
-0.688357 
1.50297 
-0.323059 
1.1374 
0.0420122 
-1.78371 
1.8677 
1.50259 
-0.32298 
0.407747 
-1.0535 
-2.14885 
0.042043 
0.77284 
-1.05348 
0.407674 
-0.688171 
-0.32274 
-2.14869 
-1.78352 
0.40732 
0.407219 
-1.41855 
0.0421441 
0.0419697 
-1.41862 
0.772287 
0.772356 
-1.05331 
-0.688197 
0.407161 
1.50263 
0.407217 
0.0421837 
1.86774 
-1.0532 
-0.687859 
-1.78364 
-1.05333 
-1.78373 
-0.323161 
0.772534 
-0.688168 
1.50275 
-1.05325 
-0.688315 
-0.322772 
-0.323135 
-1.05351 
-2.14873 
1.13766 
-0.688209 
1.86781 
-1.41833 
-0.688208 
0.772265 
-0.323136 
-0.688273 
-1.7836 
2.9632 
-2.51337 
0.772363 
1.50256 
0.042283 
-1.05339 
-1.78301 
-0.323122 
0.0419678 
1.50255 
-0.322773 
1.50278 
0.0421207 
-0.322946 
-0.687776 
0.0421842 
1.13749 
-1.41865 
1.50292 
0.772475 
0.77239 
-1.05334 
-0.322893 
0.407454 
-0.687921 
-0.323136 
-2.14892 
-0.32317 
-0.323153 
1.5026 
0.0419518 
-1.4184 
2.59815 
-0.323102 
-0.688307 
0.407433 
0.407235 
-2.51403 
1.13741 
-0.687911 
-0.322939 
-0.323125 
-0.323058 
1.5026 
-0.323142 
0.407524 
-2.14858 
-0.687918 
-0.688058 
0.772295 
1.13759 
-0.323098 
-1.41847 
-1.41828 
4.05877 
0.407218 
-0.323208 
-0.688025 
-0.323166 
-1.05318 
0.772534 
1.50271 
0.77289 
1.13748 
0.407141 
-1.78376 
0.407236 
-1.7835 
0.772601 
-0.323192 
0.772665 
1.86791 
-0.322543 
-0.322815 
-0.688313 
1.13738 
-0.323084 
-0.323191 
0.0419452 
1.5028 
0.0419534 
1.13746 
0.40717 
0.772281 
-1.41861 
-1.05346 
0.77223 
1.50268 
-0.323049 
0.0422807 
-0.688244 
-0.687982 
-1.7837 
-0.688345 
1.86768 
-0.687837 
-0.322858 
0.0424441 
0.772445 
0.0420939 
0.0423213 
-0.688268 
-0.323092 
0.407896 
0.0425587 
-1.05343 
0.407189 
-1.41842 
1.86824 
-0.688322 
-1.0532 
-0.688248 
0.0420077 
-0.323214 
-1.05323 
0.407643 
-2.14892 
0.0421432 
-0.688349 
-0.687756 
-1.05346 
-1.0535 
-1.41863 
1.13746 
0.772357 
0.041931 
0.407389 
-0.322839 
0.407345 
1.13755 
0.407148 
-1.05352 
0.407217 
-1.41862 
0.0419773 
-0.688351 
0.0419285 
-0.323077 
0.0424688 
-0.323218 
-1.41843 
1.13788 
-1.41863 
-1.41845 
1.13738 
0.042013 
