0.772265 
1.13753 
0.0420281 
0.407155 
1.13745 
0.772417 
1.50262 
0.772316 
0.0420162 
1.13744 
0.0420202 
1.13748 
0.0419692 
1.13748 
1.86773 
1.50264 
1.5026 
-0.688287 
0.77241 
1.13738 
0.77237 
0.0422495 
1.13759 
0.773446 
0.407097 
1.50255 
-0.323131 
0.0420224 
0.0421516 
0.0420407 
-1.0535 
1.13753 
1.50259 
0.407086 
0.772278 
0.77273 
1.86797 
1.13773 
0.0423015 
0.772527 
0.0420093 
1.13775 
1.86864 
-0.322796 
-0.323218 
0.772598 
1.50256 
-1.05345 
1.50255 
1.13751 
2.96312 
0.772623 
0.772682 
1.13752 
-1.05289 
0.772337 
1.13752 
2.23291 
0.0420464 
2.23283 
0.772253 
-1.05328 
0.772326 
1.50257 
2.23286 
-0.323082 
0.407119 
0.0419504 
1.86809 
2.59821 
1.50272 
2.96313 
2.96316 
1.50276 
0.772637 
0.772234 
0.0421718 
0.407253 
0.041951 
1.5027 
1.1379 
1.50254 
2.23299 
0.772463 
0.0420985 
0.407136 
0.0419352 
1.86777 
0.772427 
1.86771 
-1.05324 
1.50264 
1.5027 
0.772603 
0.0419517 
-0.323007 
1.50278 
1.5027 
0.773163 
-1.05339 
0.772347 
1.13747 
-0.688095 
0.407633 
1.50263 
0.0422466 
1.86803 
0.40712 
0.772271 
0.407088 
2.96318 
0.0421712 
3.69387 
1.86785 
