0.772378 
-0.687838 
0.407131 
0.0419912 
-0.68818 
1.13742 
0.407639 
-0.322385 
-0.68811 
-1.05328 
1.86814 
-1.05351 
-1.78371 
0.40719 
0.407273 
0.772313 
-0.323165 
-2.51401 
0.0423536 
0.0425285 
-1.05286 
0.772348 
-1.05342 
1.50257 
1.50263 
-1.41845 
-0.323139 
-1.05325 
0.407186 
-0.322995 
1.13747 
-0.688318 
-0.322572 
2.96328 
-1.78378 
-0.32318 
-2.87902 
0.407177 
-1.05344 
-0.323219 
-0.688142 
-0.688285 
0.0419791 
0.0422905 
0.772351 
-0.323023 
-0.322937 
1.86795 
1.13805 
-1.05335 
-0.688111 
0.0419299 
-1.78381 
0.772856 
1.50254 
-0.688299 
-0.68814 
-1.78302 
-1.05349 
0.0424221 
0.407077 
-0.323043 
2.59815 
-1.41859 
-0.688304 
-1.78352 
-0.688157 
-0.323117 
-2.14879 
-1.41864 
-1.05349 
-0.323192 
-0.323129 
0.772237 
0.0420203 
0.772317 
0.0420442 
1.13758 
0.772239 
-1.05312 
-0.323026 
0.407586 
2.59802 
1.13766 
-0.322843 
0.407328 
-0.323049 
1.50258 
0.772377 
-0.323216 
2.23284 
-0.688155 
0.772328 
1.50257 
1.50282 
-1.05348 
-0.323156 
0.772552 
0.0419437 
-1.05346 
-0.323118 
0.407419 
-1.0533 
0.0423259 
-1.05331 
1.13753 
-1.05326 
-2.87918 
-0.32286 
-1.0535 
-0.688243 
-2.14893 
0.0419398 
2.598 
-1.0535 
0.772373 
0.0419835 
-2.51368 
0.772428 
-1.05342 
0.0420755 
1.13763 
0.407564 
0.0423549 
-0.688173 
1.13745 
0.0422709 
-0.68787 
-0.688322 
0.772542 
2.96348 
-1.78334 
-0.323068 
-2.87905 
-0.322983 
-1.78366 
3.32828 
-1.05315 
-2.1486 
0.0421087 
-1.41784 
-1.41864 
-1.78364 
1.50275 
1.50255 
-1.41866 
0.0422685 
-1.78381 
0.0420766 
-1.05351 
0.40754 
-1.05321 
-1.78374 
1.50258 
-1.05346 
1.50277 
-1.41862 
-2.51338 
-0.687916 
-0.68764 
-0.688161 
0.40711 
-1.41862 
1.13778 
-0.688313 
0.772282 
-1.41826 
-1.05314 
1.86769 
-1.05338 
-0.322998 
-0.322908 
-1.41843 
0.407129 
-1.41856 
2.96334 
-2.14886 
2.23299 
0.407163 
0.407155 
0.407086 
-1.05349 
-0.323211 
0.407205 
0.772493 
1.13775 
-2.14848 
0.407127 
-0.688143 
0.407221 
1.86768 
-0.322861 
-1.7837 
0.407133 
-2.87885 
-0.323176 
-1.05346 
-0.323122 
0.407363 
-1.05346 
