1.65923 
0.527808 
-0.886267 
-0.603431 
-2.30049 
-1.4521 
1.09353 
-0.320652 
-2.01778 
1.09355 
-0.320755 
0.810631 
0.244939 
0.810648 
0.527856 
-2.30065 
-2.0178 
-0.886379 
0.810614 
-1.16925 
-0.886352 
-0.32075 
-0.603577 
-0.886443 
-0.320752 
-0.320731 
-0.603405 
0.810697 
-0.0379007 
1.09346 
0.527772 
-0.88633 
1.65917 
-0.320749 
-0.0378372 
0.810674 
0.810617 
-1.45211 
0.81062 
0.244951 
-0.0378714 
-0.32075 
-0.32068 
-1.45211 
0.527791 
-0.886439 
0.527796 
-0.603587 
-2.86624 
1.37639 
0.810631 
-1.16928 
1.37631 
-2.0178 
1.37657 
-1.45204 
-1.16915 
-1.45208 
0.527814 
-2.01778 
-2.3006 
2.22494 
0.527847 
-1.16923 
-0.603541 
-0.320709 
0.810714 
-1.1692 
0.244944 
-0.320719 
-0.0378953 
-0.0377263 
-0.320691 
1.09347 
1.3764 
-0.0379098 
0.810617 
-2.01778 
1.09348 
-0.0378797 
-0.320751 
1.37632 
1.94201 
-0.603577 
-0.0378526 
-1.73494 
-0.0378952 
-2.0178 
-0.603529 
0.810626 
0.527795 
0.244983 
-2.01781 
-2.8663 
0.245006 
-0.0378972 
-0.320735 
0.527884 
-0.886362 
-0.320755 
-0.320623 
2.50773 
0.810635 
-0.886208 
-0.886352 
-0.603581 
0.527774 
0.810644 
0.527856 
2.50767 
2.22484 
1.0935 
0.527776 
0.244989 
-1.16912 
1.09357 
-2.01777 
0.810645 
-0.886438 
-1.16921 
-0.886433 
1.94202 
-0.0378893 
1.3763 
0.810627 
-0.320714 
2.50769 
-0.886424 
-0.603543 
-0.603499 
-0.037853 
-0.320652 
0.810618 
-2.58347 
0.245034 
-2.58349 
-0.603512 
-0.320681 
0.810617 
0.244959 
0.810645 
-0.320744 
0.527803 
-2.01781 
-0.0377454 
-0.886431 
-0.0379042 
1.09348 
-1.16925 
1.09365 
-0.320742 
1.09346 
-2.5834 
0.81069 
-0.603582 
-0.0378742 
-2.01737 
1.09358 
-0.320625 
-0.60355 
-2.01778 
-1.16911 
0.527783 
0.244933 
-1.45213 
1.94209 
-2.58343 
0.810638 
-0.0378951 
1.09354 
-0.320687 
-2.30062 
-0.320757 
0.527863 
0.244948 
-0.603584 
0.810631 
-0.320752 
-0.60358 
-0.886426 
-0.320725 
0.527813 
3.35628 
-0.886421 
-1.16927 
0.810614 
-0.886417 
0.810625 
-0.320677 
-0.0378837 
1.37632 
-0.03788 
-0.886432 
-0.320749 
0.527793 
-0.603564 
0.527803 
0.810614 
-0.320659 
-2.01777 
-0.0377555 
1.09348 
0.244936 
-0.886401 
-0.886427 
-0.603483 
0.245096 
-1.45209 
-2.0178 
0.810614 
-0.320715 
0.81068 
0.244928 
-1.73496 
-0.320752 
-0.320557 
-0.0379099 
0.810657 
0.244929 
