-0.0378174 
0.810642 
-1.4521 
2.22485 
0.527771 
0.24496 
-0.60358 
0.810703 
-2.30062 
0.245008 
-0.0378807 
2.50783 
0.810625 
-1.45184 
1.65917 
-0.886027 
1.37644 
-1.73496 
-1.16915 
0.527778 
-0.320696 
0.245 
-1.16917 
-0.320681 
2.50777 
-0.320505 
-0.886368 
0.24503 
0.810843 
0.244937 
0.810627 
0.245058 
-0.320717 
-1.16927 
-1.45213 
0.244947 
2.79054 
-0.320634 
0.245072 
0.244963 
-0.603576 
-0.886223 
-2.58346 
-0.603512 
-0.603555 
-0.320633 
-0.886348 
-2.86632 
1.09354 
-1.73494 
1.37638 
0.245017 
0.527796 
0.245088 
-1.16905 
-0.603551 
-1.73492 
-0.320677 
-1.16919 
0.245016 
-0.603411 
-2.01769 
-0.0378492 
-1.73495 
3.35635 
0.527773 
-0.320661 
-0.603595 
0.528052 
0.527855 
-0.603564 
-0.320685 
-1.73497 
-0.60344 
0.527793 
-1.16918 
-1.16925 
-0.886376 
-0.320728 
1.37636 
-0.886442 
-0.320746 
-1.16926 
0.810712 
2.22489 
1.37649 
-1.73474 
-0.603495 
-2.01756 
-0.320715 
-0.886421 
-0.603593 
-1.16928 
-0.0378459 
-2.58345 
1.65917 
-0.320667 
-2.30059 
-1.73477 
-2.01773 
-0.320746 
-2.01773 
-0.0378432 
0.810626 
1.65917 
-0.037797 
0.245002 
-0.320459 
-0.320754 
-2.58343 
-0.320651 
-1.73488 
-1.16917 
-0.0378768 
-0.0378927 
0.81068 
-0.320629 
-0.320756 
-0.603273 
-0.320622 
1.09346 
-0.603521 
1.37639 
-0.320644 
-0.88643 
-2.01778 
1.09352 
1.09352 
-0.603584 
1.09353 
-0.320737 
-2.30058 
1.09346 
0.810683 
0.810626 
0.244952 
0.810804 
-0.603597 
-0.603585 
-2.30066 
0.527842 
-0.0379066 
-2.01775 
-0.0379121 
0.244992 
-0.603413 
1.94199 
-0.603396 
1.37647 
-1.16921 
1.09348 
-0.320685 
-0.603466 
-0.886272 
-2.30063 
-0.0379055 
-1.45206 
1.0935 
-0.886352 
-1.16924 
-2.86629 
-1.16922 
-0.320676 
-0.886399 
1.09363 
0.527787 
1.37642 
-0.0378309 
0.24499 
-2.30055 
-0.0379117 
-2.01774 
-0.320743 
0.52799 
-0.320723 
-0.0379123 
1.09357 
-3.14914 
-2.01774 
-0.320709 
1.65916 
-1.16922 
1.37636 
-0.603589 
-0.886427 
-2.58345 
-2.30053 
-0.0378786 
1.94201 
-0.320644 
-0.3207 
0.811106 
-2.01737 
-0.320729 
-0.0378486 
1.09364 
-0.320675 
-0.60345 
-0.320737 
-0.0378548 
