36 2
42 2
74 2
62 2
84 2
26 2
76 2
8 2
92 2
28 2
36 0
4 2
20 2
15 -1
54 2
52 2
74 0
17 -1
94 2
11 -1
92 0
76 0
49 -1
96 2
78 2
8 0
87 -1
13 -1
33 -1
38 2
90 2
35 -1
69 -1
99 -1
27 3
57 -1
54 0
23 -1
15 1
81 -1
6 2
72 2
44 2
75 -1
17 1
1 -1
52 0
46 2
90 0
35 1
67 -1
87 1
9 -1
57 1
69 1
94 0
31 -1
62 0
96 0
60 2
40 2
13 1
20 0
23 1
11 1
18 2
54 2
15 -1
42 0
44 0
51 -1
6 0
78 0
75 1
72 0
38 0
33 1
99 1
4 0
88 2
57 -1
1 1
49 1
31 1
65 -1
95 -1
23 -1
54 0
35 -1
92 2
9 1
12 2
97 -1
90 2
43 -1
21 -1
18 0
15 1
69 -1
75 -1
78 2
73 -1
37 -1
51 1
40 0
7 -1
71 -1
81 1
60 0
62 2
99 -1
86 2
88 0
84 0
33 -1
46 0
4 2
27 1
30 2
65 1
67 1
53 -1
95 1
97 1
55 -1
23 1
90 0
12 0
2 2
57 1
16 2
49 -1
41 -1
21 1
19 -1
9 -1
35 1
69 1
82 2
37 1
7 1
71 1
99 1
86 0
80 2
60 2
39 -1
84 2
51 -1
14 2
33 1
92 0
88 2
73 1
43 1
46 2
75 1
4 0
30 0
78 0
65 -1
62 0
26 0
53 1
55 1
90 2
95 -1
97 -1
24 2
11 -1
2 0
28 0
16 0
67 -1
58 2
19 1
22 2
49 1
41 1
6 2
99 -1
69 -1
9 1
82 0
60 0
39 1
35 -1
37 -1
84 0
71 -1
51 1
14 0
33 -1
93 -1
86 2
88 0
43 -1
75 -1
80 0
46 0
4 2
73 -1
31 -1
77 -1
62 2
53 -1
26 2
55 -1
90 0
95 1
65 1
97 1
24 0
11 1
1 -1
28 2
16 2
67 1
58 0
18 2
20 2
49 -1
41 -1
22 0
6 0
99 1
9 -1
69 1
39 -1
60 2
35 1
82 2
37 1
71 1
13 -1
84 2
93 1
33 1
86 0
88 2
51 -1
43 1
75 1
80 2
45 -1
4 0
73 1
47 -1
31 1
53 1
26 0
77 1
91 -1
65 -1
62 0
55 1
97 -1
95 -1
24 2
11 -1
28 0
1 1
67 -1
58 2
16 0
18 0
20 0
22 2
99 -1
6 2
41 1
69 -1
9 1
49 1
39 1
82 0
60 0
35 -1
37 -1
71 -1
13 1
93 -1
84 0
86 2
33 -1
88 0
75 -1
43 -1
51 1
80 0
45 1
4 2
73 -1
47 1
31 -1
53 -1
26 2
77 -1
91 1
65 1
63 -1
56 2
95 1
97 1
24 0
11 1
29 -1
2 2
67 1
58 0
15 -1
18 2
20 2
22 0
99 1
6 0
41 -1
69 1
8 2
49 -1
82 2
61 -1
35 1
39 -1
37 1
71 1
13 -1
93 1
84 2
86 0
89 -1
33 1
75 1
43 1
51 -1
79 -1
45 -1
4 0
73 1
47 -1
31 1
53 1
77 1
26 0
91 -1
63 1
56 0
65 -1
97 -1
95 -1
24 2
10 2
29 1
67 -1
2 0
59 -1
15 1
18 0
20 0
22 2
99 -1
6 2
41 1
69 -1
8 0
49 1
61 1
82 0
39 1
35 -1
37 -1
71 -1
13 1
84 0
93 -1
86 2
89 1
33 -1
75 -1
43 -1
79 1
51 1
45 1
4 2
73 -1
47 1
31 -1
53 -1
27 -1
77 -1
91 1
56 2
63 -1
65 1
97 1
95 1
24 0
10 0
29 -1
67 1
2 2
16 2
59 1
18 2
20 2
22 0
99 1
41 -1
6 0
69 1
8 2
49 -1
61 -1
81 -1
39 -1
35 1
37 1
71 1
13 -1
84 2
93 1
86 0
88 2
33 1
75 1
43 1
79 -1
51 -1
45 -1
4 0
73 1
47 -1
31 1
53 1
27 1
77 1
90 2
56 0
63 1
65 -1
97 -1
95 -1
25 -1
10 2
29 1
67 -1
2 0
59 -1
16 0
18 0
20 0
23 -1
99 -1
41 1
6 2
69 -1
8 0
49 1
61 1
81 1
39 1
35 -1
37 -1
71 -1
13 1
84 0
93 -1
86 2
88 0
33 -1
75 -1
43 -1
79 1
51 1
45 1
4 2
73 -1
47 1
31 -1
54 2
27 -1
77 -1
90 0
57 -1
63 -1
65 1
97 1
95 1
25 1
10 0
29 -1
67 1
2 2
59 1
16 2
18 2
21 -1
23 1
99 1
41 -1
6 0
69 1
8 2
49 -1
61 -1
81 -1
39 -1
35 1
37 1
71 1
13 -1
84 2
93 1
86 0
88 2
33 1
75 1
43 1
79 -1
52 2
45 -1
4 0
73 1
47 -1
31 1
54 0
27 1
77 1
90 2
57 1
63 1
65 -1
97 -1
95 -1
25 -1
10 2
29 1
67 -1
2 0
59 -1
16 0
18 0
21 1
23 -1
0 2
41 1
6 2
69 -1
8 0
49 1
61 1
81 1
39 1
35 -1
37 -1
71 -1
13 1
84 0
92 2
86 2
88 0
33 -1
75 -1
43 -1
79 1
52 0
45 1
4 2
73 -1
47 1
31 -1
54 2
27 -1
77 -1
90 0
57 -1
63 -1
65 1
97 1
95 1
25 1
10 0
29 -1
67 1
2 2
59 1
16 2
18 2
20 2
23 1
0 0
41 -1
6 0
69 1
8 2
50 2
61 -1
81 -1
39 -1
35 1
37 1
71 1
13 -1
83 -1
92 0
86 0
88 2
33 1
75 1
