-48.2702 
-65.3461 
-50.7983 
-50.1523 
-36.253 
-86.8418 
-58.3827 
-52.6913 
-54.5932 
-40.0444 
-41.2939 
-43.2086 
-51.4244 
-38.1435 
-45.1039 
-23.599 
-46.3723 
-48.2333 
-28.0201 
-48.2698 
-62.7997 
-57.7376 
-59.6534 
-61.5513 
-42.5782 
-65.3324 
-60.9179 
-31.8105 
-8.42233 
-55.2274 
-45.7381 
-44.4749 
-28.0314 
-60.2801 
-52.664 
-29.8987 
-49.5149 
-53.9515 
-45.7394 
-65.9738 
-47.6359 
-46.344 
-22.9715 
-75.4625 
-59.6539 
-61.5491 
-32.4508 
-47.0002 
-58.3669 
-41.3076 
-64.7141 
-49.5326 
-26.7644 
-43.2041 
-43.8424 
-44.4736 
-48.2651 
-48.8898 
-67.8677 
-62.1835 
-25.4933 
-51.4219 
-35.6211 
-52.6779 
-31.1936 
-62.8124 
-42.5774 
-71.0307 
-23.5996 
-23.5954 
-43.8402 
-35.6076 
-57.7539 
-63.4466 
-45.717 
-61.5484 
-63.4469 
-38.1393 
-57.1217 
-57.1232 
-48.252 
-45.7056 
-50.7968 
-45.1037 
-63.4471 
-55.1949 
-58.3763 
-75.4649 
-65.9721 
-30.5597 
-46.3704 
-58.9963 
-45.1061 
-54.5922 
-57.7536 
-38.1489 
-54.5889 
-28.6277 
-55.8418 
-62.1692 
-57.1208 
-20.4308 
-43.8432 
-53.3225 
-66.5959 
-65.3415 
-27.3856 
-41.307 
-60.2871 
-41.3031 
-55.2266 
-34.3558 
-20.434 
-79.8897 
-32.459 
-53.9522 
-43.8394 
-46.3332 
-8.42452 
-26.1333 
-64.6996 
-24.8639 
-75.4601 
-45.7356 
-42.5673 
-54.5926 
-55.2271 
-65.9777 
-68.5071 
-50.7965 
-43.8365 
-38.7771 
-35.6081 
-28.6411 
-38.7692 
-33.7169 
-36.885 
-70.4023 
-32.458 
-26.0932 
-43.1952 
-36.2399 
-27.3902 
-46.367 
-67.2379 
-92.5189 
-47.0018 
-47.6348 
-41.9416 
-65.3333 
-33.723 
-47.0031 
-27.3924 
-34.9799 
-55.2205 
-47.0026 
-41.3065 
-38.7807 
-59.0165 
-47.6261 
-56.4877 
-42.5781 
-75.4296 
-51.4308 
-70.3905 
-75.4615 
-52.0578 
-48.9022 
-56.4918 
-64.7139 
-50.7991 
-49.5274 
-16.6438 
-57.7572 
-45.0939 
-79.2607 
-33.089 
-33.0706 
-59.0205 
-57.1123 
-13.4822 
-28.0245 
-26.1325 
-26.1324 
-52.0586 
-43.8429 
-52.6913 
-62.1746 
-26.1342 
-79.8907 
-69.1365 
-50.1658 
-55.1954 
-62.1678 
-60.287 
-22.3393 
-48.2669 
-60.2865 
-67.853 
-12.18 
-40.6666 
-57.1177 
-31.1806 
-56.485 
-65.3432 
-50.7943 
-43.843 
-47.6364 
-47.002 
-52.6973 
-32.4388 
-34.9391 
-60.8971 
-47.0055 
-40.6655 
-34.3506 
-84.9471 
-66.5925 
-31.191 
-45.6702 
-33.0878 
-43.2104 
-32.4545 
-43.8402 
-45.1058 
-24.2328 
-55.8586 
-69.7633 
-48.8949 
-33.0839 
-58.3742 
-52.0502 
-62.1729 
-40.6669 
-42.5668 
-38.1496 
-36.886 
-57.7385 
-64.7088 
-36.8763 
-25.5017 
-44.459 
-58.3598 
-76.708 
-54.579 
-39.4114 
-27.3986 
-49.5293 
-55.8572 
-48.8995 
-49.5322 
-58.3884 
-53.9625 
-45.7271 
-54.5912 
-65.9613 
-57.1207 
-58.3645 
-41.2891 
-61.5493 
-53.3283 
-66.6066 
-52.6573 
-41.944 
-59.0176 
-58.3584 
-52.0503 
-27.3976 
-53.9618 
-59.0209 
-18.5416 
-62.8156 
-55.2252 
-58.3779 
-40.6753 
-44.4499 
-53.9554 
-40.0448 
-62.1727 
-72.3018 
-76.0905 
-19.1767 
-36.2505 
-50.1571 
-48.8849 
-23.5999 
-43.8262 
-42.5735 
-58.3556 
-50.7992 
-31.8218 
-46.3644 
-31.8161 
-48.2682 
-29.2796 
-59.654 
-40.6713 
-13.4828 
-45.7397 
-59.6501 
-46.9999 
-25.4933 
-53.321 
-52.6823 
-40.6619 
-62.1834 
-54.5817 
-53.3257 
-42.5699 
-53.9626 
-49.5106 
-65.3453 
-49.5193 
-30.5326 
-60.9159 
-38.7738 
-43.2024 
-59.0101 
-47.0054 
-14.7482 
-26.1339 
-57.7559 
-41.9084 
-32.4367 
-59.6455 
-54.5824 
-53.9588 
-44.4196 
-55.8505 
-55.8594 
-55.1985 
-45.7289 
-41.3029 
-48.2702 
-45.7261 
-38.7513 
-36.869 
-63.4367 
-28.6499 
-25.5 
-46.9966 
-55.2238 
-21.6894 
-49.5234 
-38.1457 
-40.6793 
-33.0906 
-62.18 
-42.5725 
-39.4009 
-45.1046 
-42.5726 
-52.6907 
-38.1422 
-31.1876 
-56.4895 
-46.9957 
-31.19 
-28.6612 
-29.9252 
-60.8658 
-29.9289 
-57.1164 
-80.5226 
-41.3104 
-53.9575 
-54.5934 
-44.4691 
-40.6729 
-36.2535 
-60.9151 
-41.9302 
-62.1831 
-46.3541 
-46.9915 
-63.9412 
-46.9771 
-79.2594 
-47.6335 
-50.1515 
-66.6108 
-36.1865 
-34.3447 
-45.1012 
-44.4727 
-43.8264 
-23.6019 
-43.8361 
-51.432 
-24.2201 
-22.9519 
-76.082 
-46.3652 
-44.4452 
-38.1502 
-42.5703 
-22.3095 
-34.9863 
-67.2433 
-41.3088 
-72.9312 
-21.7049 
-28.0128 
-40.0462 
-43.2107 
-54.5866 
-34.988 
-60.2864 
-20.4361 
-60.9124 
-47 
-50.7998 
-65.9765 
-50.791 
-50.1432 
-40.0387 
-60.2824 
-34.353 
-57.1248 
-48.2613 
-57.7572 
-43.8007 
-55.2122 
-25.4692 
-76.0951 
-24.2294 
-55.2249 
-31.8256 
-50.1549 
-50.1653 
-73.5609 
-42.5754 
-64.7015 
-57.1063 
-52.0635 
-33.0617 
-61.53 
-39.4048 
-30.5605 
-21.7006 
-60.2568 
-67.8672 
-55.1916 
-76.0966 
-70.4055 
-37.511 
-69.1206 
-43.1997 
-45.7373 
-74.1974 
-53.3187 
-59.6462 
-60.2834 
-51.4258 
-52.0491 
-56.4866 
-48.902 
-55.8505 
-31.1818 
-38.1493 
-41.3054 
-48.2579 
-28.6519 
-43.8358 
-38.7825 
-29.2937 
-36.2512 
-22.3319 
-69.1364 
-38.1325 
-67.2389 
-47.6088 
-45.1043 
-46.3726 
-41.3126 
-51.4196 
-48.889 
-40.6777 
-55.8534 
-54.588 
-49.5297 
-74.1937 
-54.5825 
-56.4887 
-61.5362 
-32.4582 
-63.4488 
-64.0693 
-46.9863 
-47.6036 
-36.8738 
-40.645 
-40.6741 
-38.7802 
-33.0844 
-51.431 
-30.5521 
-65.3419 
-30.5594 
-55.2239 
-46.3559 
-39.4161 
-38.1466 
-46.3706 
-22.9644 
-34.3392 
-32.4586 
-60.9172 
-34.3332 
-50.1632 
-24.2343 
-32.4432 
-40.02 
-79.8925 
-26.7598 
-58.3746 
-41.9448 
-50.7811 
-35.6207 
-43.8324 
-61.5311 
-58.3794 
-74.1973 
-34.9829 
-21.7041 
-76.7106 
-37.515 
-40.0386 
-40.0474 
-24.228 
-57.1021 
-26.1174 
-41.3071 
-37.5125 
-52.0538 
-64.6739 
-76.0861 
-60.9097 
-51.4254 
-36.8691 
-39.4137 
-35.6179 
-54.589 
-29.9264 
-47.637 
-36.2523 
-49.5132 
-45.0758 
-52.6849 
-44.4599 
-36.8643 
-60.9135 
-47.6321 
-51.4242 
-38.151 
-53.9555 
-62.1764 
-45.738 
-17.2754 
-64.076 
-46.9874 
-46.9814 
-57.7552 
-33.72 
-37.5179 
-57.7559 
-44.4573 
-76.7149 
-65.976 
-60.9115 
-64.0791 
-48.2583 
-41.9406 
-48.8957 
-33.7193 
-51.4181 
-54.5941 
-53.3104 
-39.4132 
-70.3994 
-72.2963 
-45.1061 
-47.6348 
-33.7217 
-40.0457 
-41.303 
-40.0439 
-43.2074 
-41.9454 
-52.6809 
-41.9453 
-39.4108 
-40.045 
-59.6469 
-62.1735 
-46.9986 
-63.4235 
-46.3627 
-60.9056 
-61.55 
-58.3799 
-46.3606 
