-66.6015 
-64.0756 
-48.2691 
-42.5775 
-51.431 
-31.8207 
-43.199 
-70.4037 
-37.5056 
-29.285 
-29.9124 
-55.8438 
-56.4795 
-48.8979 
-52.6966 
-41.9453 
-59.6461 
-43.8285 
-57.1166 
-29.2946 
-38.15 
-38.7791 
-52.6955 
-17.9124 
-57.7532 
-62.1784 
-47.6148 
-61.5078 
-53.9433 
-31.8254 
-61.5515 
-36.2527 
-39.351 
-53.3292 
-49.5352 
-72.3025 
-50.1667 
-48.8992 
-31.1876 
-65.334 
-29.294 
-52.053 
-38.7817 
-41.9457 
-45.7275 
-68.5064 
-21.6937 
-46.9979 
-63.4319 
-65.3455 
-40.6522 
-49.5353 
-56.4772 
-37.518 
-35.6202 
-69.1312 
-44.4562 
-33.0556 
-36.8798 
-0.197853 
-23.6043 
-53.9583 
-62.7963 
-57.7336 
-60.8813 
-38.1418 
-40.0402 
-41.3127 
-61.5343 
-36.8828 
-46.3639 
-55.8593 
-56.4757 
-60.2821 
-27.9885 
-91.2647 
-53.3272 
-51.4293 
-41.9423 
-40.0398 
-58.3879 
-40.6802 
-43.7989 
-36.8798 
-24.237 
-41.2737 
-43.8301 
-40.035 
-33.0898 
-59.009 
-55.8395 
-67.871 
-14.1081 
-47.6195 
-22.9697 
-62.1671 
-45.7406 
-57.7471 
-44.4757 
-25.4874 
